 !
 ! AMES output COND2002
 !
 !
 ! Model parameters: Teff, logg, mixing length:
    1000.000        5.000        2.000
 !
 ! Number of atmosphere layers:
   256
 !
 ! Number of elements in abundances table:
   41
 !
 ! Z of the considered elements:
    1     2     3     4     5     6     7     8
    9    10    11    12    13    14    15    16
   17    18    19    20    21    22    23    24
   25    26    27    28    29    30    31    36
   37    38    39    40    41    56    57    55
    0
 !
 ! l        tstd temperature        pgas          pe     density      mu      radius   extension        kapq
   1  0.0000D+00    526.6728  1.0000D-06  1.0000D-90  5.3229D-17   2.331  1.1524D+10  0.0000D+00  1.4352D-04
   2  1.0000D-12    526.6728  9.2737D-04  1.0000D-90  4.9365D-14   2.331  1.1523D+10  3.8450D+05  1.0522D-04
   3  1.1353D-12    526.8391  1.0560D-03  1.0000D-90  5.6195D-14   2.331  1.1523D+10  4.0889D+05  1.0497D-04
   4  1.2890D-12    527.0048  1.2024D-03  1.0000D-90  6.3966D-14   2.331  1.1523D+10  4.3329D+05  1.0469D-04
   5  1.4634D-12    527.1685  1.3691D-03  1.0000D-90  7.2811D-14   2.331  1.1523D+10  4.5769D+05  1.0439D-04
   6  1.6614D-12    527.3287  1.5589D-03  1.0000D-90  8.2880D-14   2.331  1.1523D+10  4.8210D+05  1.0406D-04
   7  1.8862D-12    527.4836  1.7752D-03  1.0000D-90  9.4348D-14   2.331  1.1523D+10  5.0652D+05  1.0370D-04
   8  2.1415D-12    527.6312  2.0216D-03  1.0000D-90  1.0741D-13   2.331  1.1523D+10  5.3097D+05  1.0330D-04
   9  2.4312D-12    527.7690  2.3024D-03  1.0000D-90  1.2231D-13   2.331  1.1523D+10  5.5545D+05  1.0286D-04
  10  2.7602D-12    527.8943  2.6228D-03  1.0000D-90  1.3929D-13   2.331  1.1523D+10  5.7997D+05  1.0237D-04
  11  3.1337D-12    528.0038  2.9883D-03  1.0000D-90  1.5867D-13   2.331  1.1523D+10  6.0453D+05  1.0182D-04
  12  3.5578D-12    528.0937  3.4056D-03  1.0000D-90  1.8080D-13   2.331  1.1523D+10  6.2914D+05  1.0122D-04
  13  4.0392D-12    528.1595  3.8824D-03  1.0000D-90  2.0608D-13   2.331  1.1523D+10  6.5382D+05  1.0055D-04
  14  4.5858D-12    528.1958  4.4275D-03  1.0000D-90  2.3500D-13   2.331  1.1523D+10  6.7857D+05  9.9800D-05
  15  5.2064D-12    528.1960  5.0514D-03  1.0000D-90  2.6811D-13   2.331  1.1523D+10  7.0339D+05  9.8968D-05
  16  5.9109D-12    528.1522  5.7660D-03  1.0000D-90  3.0607D-13   2.331  1.1523D+10  7.2832D+05  9.8037D-05
  17  6.7108D-12    528.0544  6.5856D-03  1.0000D-90  3.4964D-13   2.331  1.1523D+10  7.5334D+05  9.6995D-05
  18  7.6189D-12    527.8903  7.5267D-03  1.0000D-90  3.9973D-13   2.331  1.1523D+10  7.7849D+05  9.5825D-05
  19  8.6498D-12    527.6441  8.6091D-03  1.0000D-90  4.5743D-13   2.331  1.1523D+10  8.0378D+05  9.4504D-05
  20  9.8203D-12    527.2952  9.8565D-03  1.0000D-90  5.2406D-13   2.331  1.1523D+10  8.2923D+05  9.3007D-05
  21  1.1149D-11    526.8168  1.1297D-02  1.0000D-90  6.0121D-13   2.331  1.1523D+10  8.5488D+05  9.1301D-05
  22  1.2658D-11    526.1749  1.2966D-02  1.0000D-90  6.9087D-13   2.331  1.1523D+10  8.8076D+05  8.9347D-05
  23  1.4371D-11    525.3142  1.4906D-02  1.0000D-90  7.9554D-13   2.331  1.1523D+10  9.0690D+05  8.7085D-05
  24  1.6315D-11    524.1655  1.7172D-02  1.0000D-90  9.1846D-13   2.331  1.1523D+10  9.3339D+05  8.4451D-05
  25  1.8523D-11    522.6235  1.9833D-02  1.0000D-90  1.0639D-12   2.331  1.1523D+10  9.6029D+05  8.1360D-05
  26  2.1030D-11    520.5270  2.2982D-02  1.0000D-90  1.2378D-12   2.331  1.1523D+10  9.8772D+05  7.7722D-05
  27  2.3876D-11    517.6179  2.6743D-02  1.0000D-90  1.4485D-12   2.331  1.1523D+10  1.0158D+06  7.3486D-05
  28  2.7106D-11    513.4653  3.1284D-02  1.0000D-90  1.7082D-12   2.331  1.1523D+10  1.0446D+06  6.8853D-05
  29  3.0774D-11    507.3953  3.6774D-02  1.0000D-90  2.0320D-12   2.331  1.1522D+10  1.0740D+06  6.5230D-05
  30  3.4939D-11    498.3801  4.3096D-02  1.0000D-90  2.4246D-12   2.331  1.1522D+10  1.1019D+06  6.8380D-05
  31  3.9667D-11    485.9894  4.9231D-02  1.0000D-90  2.8407D-12   2.332  1.1522D+10  1.1244D+06  8.9739D-05
  32  4.5034D-11    471.5559  5.4128D-02  1.0000D-90  3.2198D-12   2.332  1.1522D+10  1.1402D+06  1.3171D-04
  33  5.1128D-11    459.8444  5.8148D-02  1.0000D-90  3.5477D-12   2.333  1.1522D+10  1.1522D+06  1.6503D-04
  34  5.8047D-11    461.5171  6.2376D-02  1.0000D-90  3.7918D-12   2.333  1.1522D+10  1.1637D+06  1.6488D-04
  35  6.5902D-11    452.9079  6.6921D-02  1.0000D-90  4.1459D-12   2.333  1.1522D+10  1.1752D+06  1.7908D-04
  36  7.4820D-11    439.7194  7.1825D-02  1.0000D-90  4.5834D-12   2.333  1.1522D+10  1.1865D+06  1.8156D-04
  37  8.4944D-11    436.5559  7.7411D-02  1.0000D-90  4.9757D-12   2.333  1.1522D+10  1.1982D+06  1.8065D-04
  38  9.6439D-11    434.0407  8.3787D-02  1.0000D-90  5.4167D-12   2.333  1.1522D+10  1.2105D+06  1.7964D-04
  39  1.0949D-10    431.9449  9.1066D-02  1.0000D-90  5.9159D-12   2.333  1.1522D+10  1.2233D+06  1.7865D-04
  40  1.2430D-10    430.1381  9.9375D-02  1.0000D-90  6.4828D-12   2.333  1.1522D+10  1.2367D+06  1.7772D-04
  41  1.4113D-10    428.5350  1.0886D-01  1.0000D-90  7.1279D-12   2.333  1.1522D+10  1.2507D+06  1.7685D-04
  42  1.6022D-10    427.0790  1.1967D-01  1.0000D-90  7.8628D-12   2.333  1.1522D+10  1.2651D+06  1.7602D-04
  43  1.8190D-10    425.7325  1.3201D-01  1.0000D-90  8.7007D-12   2.333  1.1522D+10  1.2800D+06  1.7524D-04
  44  2.0652D-10    424.4731  1.4608D-01  1.0000D-90  9.6565D-12   2.333  1.1522D+10  1.2954D+06  1.7450D-04
  45  2.3447D-10    423.6417  1.6210D-01  1.0000D-90  1.0737D-11   2.333  1.1522D+10  1.3111D+06  1.7401D-04
  46  2.6619D-10    423.6801  1.8032D-01  1.0000D-90  1.1943D-11   2.333  1.1522D+10  1.3272D+06  1.7405D-04
  47  3.0221D-10    424.0191  2.0098D-01  1.0000D-90  1.3300D-11   2.333  1.1522D+10  1.3436D+06  1.7427D-04
  48  3.4311D-10    423.0437  2.2447D-01  1.0000D-90  1.4889D-11   2.333  1.1522D+10  1.3602D+06  1.7368D-04
  49  3.8954D-10    421.4100  2.5125D-01  1.0000D-90  1.6730D-11   2.333  1.1522D+10  1.3772D+06  1.7268D-04
  50  4.4225D-10    418.9382  2.8192D-01  1.0000D-90  1.8883D-11   2.333  1.1522D+10  1.3944D+06  1.7117D-04
  51  5.0210D-10    418.1135  3.1692D-01  1.0000D-90  2.1269D-11   2.333  1.1522D+10  1.4119D+06  1.7068D-04
  52  5.7004D-10    417.6531  3.5673D-01  1.0000D-90  2.3967D-11   2.333  1.1522D+10  1.4295D+06  1.7040D-04
  53  6.4718D-10    417.4271  4.0199D-01  1.0000D-90  2.7022D-11   2.333  1.1522D+10  1.4472D+06  1.7026D-04
  54  7.3475D-10    417.2399  4.5340D-01  1.0000D-90  3.0492D-11   2.333  1.1522D+10  1.4651D+06  1.7015D-04
  55  8.3418D-10    416.7620  5.1185D-01  1.0000D-90  3.4462D-11   2.333  1.1522D+10  1.4832D+06  1.6986D-04
  56  9.4706D-10    416.8066  5.7824D-01  1.0000D-90  3.8929D-11   2.333  1.1522D+10  1.5013D+06  1.6989D-04
  57  1.0752D-09    416.7172  6.5364D-01  1.0000D-90  4.4014D-11   2.333  1.1522D+10  1.5195D+06  1.6984D-04
  58  1.2207D-09    416.6531  7.3925D-01  1.0000D-90  4.9786D-11   2.333  1.1522D+10  1.5377D+06  1.6980D-04
  59  1.3859D-09    416.3849  8.3651D-01  1.0000D-90  5.6373D-11   2.333  1.1522D+10  1.5561D+06  1.6964D-04
  60  1.5734D-09    416.1863  9.4702D-01  1.0000D-90  6.3850D-11   2.333  1.1522D+10  1.5745D+06  1.6952D-04
  61  1.7864D-09    415.9470  1.0726D+00  1.0000D-90  7.2358D-11   2.333  1.1522D+10  1.5929D+06  1.6937D-04
  62  2.0281D-09    415.7931  1.2152D+00  1.0000D-90  8.2012D-11   2.333  1.1522D+10  1.6114D+06  1.6928D-04
  63  2.3025D-09    415.8119  1.3772D+00  1.0000D-90  9.2940D-11   2.333  1.1522D+10  1.6299D+06  1.6930D-04
  64  2.6141D-09    415.7325  1.5612D+00  1.0000D-90  1.0537D-10   2.333  1.1522D+10  1.6485D+06  1.6925D-04
  65  2.9678D-09    415.6663  1.7701D+00  1.0000D-90  1.1949D-10   2.333  1.1522D+10  1.6671D+06  1.6921D-04
  66  3.3695D-09    415.7224  2.0072D+00  1.0000D-90  1.3548D-10   2.333  1.1522D+10  1.6857D+06  1.6925D-04
  67  3.8254D-09    415.8735  2.2763D+00  1.0000D-90  1.5359D-10   2.333  1.1522D+10  1.7043D+06  1.6935D-04
  68  4.3431D-09    416.2162  2.5816D+00  1.0000D-90  1.7404D-10   2.333  1.1522D+10  1.7230D+06  1.6956D-04
  69  4.9308D-09    416.6625  2.9277D+00  1.0000D-90  1.9716D-10   2.333  1.1522D+10  1.7416D+06  1.6984D-04
  70  5.5980D-09    417.1549  3.3199D+00  1.0000D-90  2.2331D-10   2.333  1.1522D+10  1.7603D+06  1.7015D-04
  71  6.3555D-09    417.6919  3.7643D+00  1.0000D-90  2.5288D-10   2.333  1.1522D+10  1.7790D+06  1.7050D-04
  72  7.2155D-09    418.2702  4.2677D+00  1.0000D-90  2.8630D-10   2.333  1.1522D+10  1.7977D+06  1.7088D-04
  73  8.1919D-09    418.8751  4.8380D+00  1.0000D-90  3.2408D-10   2.333  1.1522D+10  1.8164D+06  1.7128D-04
  74  9.3004D-09    419.5237  5.4838D+00  1.0000D-90  3.6677D-10   2.333  1.1522D+10  1.8351D+06  1.7173D-04
  75  1.0559D-08    420.1972  6.2149D+00  1.0000D-90  4.1500D-10   2.333  1.1522D+10  1.8538D+06  1.7222D-04
  76  1.1988D-08    420.8947  7.0424D+00  1.0000D-90  4.6946D-10   2.333  1.1522D+10  1.8725D+06  1.7276D-04
  77  1.3610D-08    421.5954  7.9787D+00  1.0000D-90  5.3097D-10   2.333  1.1522D+10  1.8913D+06  1.7335D-04
  78  1.5452D-08    422.3148  9.0377D+00  1.0000D-90  6.0038D-10   2.333  1.1522D+10  1.9100D+06  1.7401D-04
  79  1.7543D-08    423.0167  1.0235D+01  1.0000D-90  6.7874D-10   2.332  1.1522D+10  1.9288D+06  1.7474D-04
  80  1.9916D-08    423.7307  1.1588D+01  1.0000D-90  7.6707D-10   2.332  1.1522D+10  1.9475D+06  1.7559D-04
  81  2.2612D-08    424.4335  1.3115D+01  1.0000D-90  8.6662D-10   2.332  1.1522D+10  1.9662D+06  1.7657D-04
  82  2.5671D-08    425.1229  1.4838D+01  1.0000D-90  9.7874D-10   2.332  1.1522D+10  1.9850D+06  1.7768D-04
  83  2.9145D-08    425.8114  1.6780D+01  1.0000D-90  1.1048D-09   2.331  1.1522D+10  2.0037D+06  1.7896D-04
  84  3.3089D-08    426.5151  1.8967D+01  1.0000D-90  1.2465D-09   2.331  1.1522D+10  2.0223D+06  1.8044D-04
  85  3.7567D-08    427.2142  2.1427D+01  1.0000D-90  1.4056D-09   2.330  1.1522D+10  2.0409D+06  1.8208D-04
  86  4.2650D-08    427.9578  2.4194D+01  1.0000D-90  1.5839D-09   2.329  1.1522D+10  2.0595D+06  1.8390D-04
  87  4.8422D-08    428.7662  2.7301D+01  1.0000D-90  1.7835D-09   2.329  1.1521D+10  2.0781D+06  1.8589D-04
  88  5.4974D-08    429.5988  3.0789D+01  1.0000D-90  2.0071D-09   2.328  1.1521D+10  2.0965D+06  1.8800D-04
  89  6.2413D-08    430.5090  3.4703D+01  1.0000D-90  2.2570D-09   2.328  1.1521D+10  2.1150D+06  1.9022D-04
  90  7.0859D-08    431.4751  3.9095D+01  1.0000D-90  2.5364D-09   2.327  1.1521D+10  2.1334D+06  1.9251D-04
  91  8.0447D-08    432.5095  4.4022D+01  1.0000D-90  2.8487D-09   2.327  1.1521D+10  2.1518D+06  1.9486D-04
  92  9.1333D-08    433.6072  4.9549D+01  1.0000D-90  3.1978D-09   2.327  1.1521D+10  2.1701D+06  1.9723D-04
  93  1.0369D-07    434.7714  5.5751D+01  1.0000D-90  3.5879D-09   2.326  1.1521D+10  2.1885D+06  1.9958D-04
  94  1.1772D-07    435.9879  6.2711D+01  1.0000D-90  4.0241D-09   2.326  1.1521D+10  2.2068D+06  2.0189D-04
  95  1.3365D-07    437.2532  7.0528D+01  1.0000D-90  4.5121D-09   2.326  1.1521D+10  2.2252D+06  2.0415D-04
  96  1.5174D-07    438.5821  7.9309D+01  1.0000D-90  5.0580D-09   2.326  1.1521D+10  2.2436D+06  2.0633D-04
  97  1.7227D-07    439.9713  8.9180D+01  1.0000D-90  5.6691D-09   2.325  1.1521D+10  2.2621D+06  2.0841D-04
  98  1.9559D-07    441.4235  1.0028D+02  1.0000D-90  6.3534D-09   2.325  1.1521D+10  2.2806D+06  2.1043D-04
  99  2.2205D-07    442.9359  1.1277D+02  1.0000D-90  7.1199D-09   2.325  1.1521D+10  2.2992D+06  2.1238D-04
 100  2.5210D-07    444.5104  1.2682D+02  1.0000D-90  7.9785D-09   2.325  1.1521D+10  2.3178D+06  2.1428D-04
 101  2.8622D-07    446.1483  1.4265D+02  1.0000D-90  8.9407D-09   2.325  1.1521D+10  2.3366D+06  2.1611D-04
 102  3.2495D-07    447.8498  1.6046D+02  1.0000D-90  1.0019D-08   2.325  1.1521D+10  2.3554D+06  2.1792D-04
 103  3.6892D-07    449.6186  1.8053D+02  1.0000D-90  1.1227D-08   2.325  1.1521D+10  2.3743D+06  2.1972D-04
 104  4.1884D-07    451.4544  2.0313D+02  1.0000D-90  1.2581D-08   2.325  1.1521D+10  2.3933D+06  2.2152D-04
 105  4.7552D-07    453.3586  2.2858D+02  1.0000D-90  1.4098D-08   2.325  1.1521D+10  2.4124D+06  2.2332D-04
 106  5.3986D-07    455.3325  2.5724D+02  1.0000D-90  1.5796D-08   2.325  1.1521D+10  2.4316D+06  2.2516D-04
 107  6.1292D-07    457.3765  2.8952D+02  1.0000D-90  1.7699D-08   2.325  1.1521D+10  2.4509D+06  2.2702D-04
 108  6.9586D-07    459.4930  3.2587D+02  1.0000D-90  1.9829D-08   2.325  1.1521D+10  2.4703D+06  2.2894D-04
 109  7.9002D-07    461.6820  3.6679D+02  1.0000D-90  2.2213D-08   2.325  1.1521D+10  2.4898D+06  2.3090D-04
 110  8.9692D-07    463.9440  4.1285D+02  1.0000D-90  2.4880D-08   2.325  1.1521D+10  2.5093D+06  2.3292D-04
 111  1.0183D-06    466.2794  4.6469D+02  1.0000D-90  2.7864D-08   2.325  1.1521D+10  2.5290D+06  2.3501D-04
 112  1.1561D-06    468.6880  5.2301D+02  1.0000D-90  3.1200D-08   2.325  1.1521D+10  2.5488D+06  2.3716D-04
 113  1.3125D-06    471.1696  5.8862D+02  1.0000D-90  3.4929D-08   2.325  1.1521D+10  2.5686D+06  2.3940D-04
 114  1.4901D-06    473.7238  6.6240D+02  1.0000D-90  3.9095D-08   2.325  1.1521D+10  2.5885D+06  2.4171D-04
 115  1.6918D-06    476.3502  7.4536D+02  1.0000D-90  4.3749D-08   2.325  1.1521D+10  2.6086D+06  2.4410D-04
 116  1.9207D-06    479.0477  8.3861D+02  1.0000D-90  4.8945D-08   2.325  1.1521D+10  2.6287D+06  2.4658D-04
 117  2.1806D-06    481.8158  9.4341D+02  1.0000D-90  5.4745D-08   2.325  1.1521D+10  2.6489D+06  2.4914D-04
 118  2.4757D-06    484.6544  1.0611D+03  1.0000D-90  6.1216D-08   2.325  1.1521D+10  2.6692D+06  2.5180D-04
 119  2.8107D-06    487.5616  1.1934D+03  1.0000D-90  6.8434D-08   2.325  1.1521D+10  2.6897D+06  2.5455D-04
 120  3.1911D-06    490.5372  1.3419D+03  1.0000D-90  7.6483D-08   2.325  1.1521D+10  2.7102D+06  2.5740D-04
 121  3.6229D-06    493.5802  1.5086D+03  1.0000D-90  8.5454D-08   2.325  1.1521D+10  2.7307D+06  2.6034D-04
 122  4.1131D-06    496.6898  1.6957D+03  1.0000D-90  9.5451D-08   2.325  1.1521D+10  2.7514D+06  2.6339D-04
 123  4.6697D-06    499.8647  1.9056D+03  1.0000D-90  1.0659D-07   2.325  1.1521D+10  2.7722D+06  2.6653D-04
 124  5.3016D-06    503.1038  2.1412D+03  1.0000D-90  1.1899D-07   2.325  1.1521D+10  2.7931D+06  2.6957D-04
 125  6.0190D-06    506.4053  2.4056D+03  1.0000D-90  1.3282D-07   2.325  1.1521D+10  2.8141D+06  2.7280D-04
 126  6.8335D-06    509.7618  2.7022D+03  1.0000D-90  1.4821D-07   2.325  1.1521D+10  2.8352D+06  2.7618D-04
 127  7.7583D-06    513.1849  3.0347D+03  1.0000D-90  1.6533D-07   2.325  1.1521D+10  2.8564D+06  2.7970D-04
 128  8.8081D-06    516.6670  3.4074D+03  1.0000D-90  1.8439D-07   2.325  1.1521D+10  2.8778D+06  2.8333D-04
 129  1.0000D-05    520.2061  3.8250D+03  1.0000D-90  2.0558D-07   2.325  1.1521D+10  2.8992D+06  2.8707D-04
 130  1.1353D-05    523.8004  4.2930D+03  1.0000D-90  2.2915D-07   2.325  1.1521D+10  2.9207D+06  2.9093D-04
 131  1.2890D-05    527.4483  4.8172D+03  1.0000D-90  2.5535D-07   2.325  1.1521D+10  2.9424D+06  2.9490D-04
 132  1.4634D-05    531.1496  5.4042D+03  1.0000D-90  2.8447D-07   2.325  1.1521D+10  2.9641D+06  2.9898D-04
 133  1.6614D-05    534.8993  6.0615D+03  1.0000D-90  3.1684D-07   2.325  1.1521D+10  2.9860D+06  3.0318D-04
 134  1.8862D-05    538.6975  6.7974D+03  1.0000D-90  3.5280D-07   2.325  1.1521D+10  3.0080D+06  3.0749D-04
 135  2.1415D-05    542.5425  7.6211D+03  1.0000D-90  3.9274D-07   2.325  1.1521D+10  3.0301D+06  3.1193D-04
 136  2.4312D-05    546.4330  8.5428D+03  1.0000D-90  4.3711D-07   2.325  1.1521D+10  3.0523D+06  3.1648D-04
 137  2.7602D-05    550.3678  9.5741D+03  1.0000D-90  4.8638D-07   2.325  1.1520D+10  3.0746D+06  3.2115D-04
 138  3.1337D-05    554.3462  1.0728D+04  1.0000D-90  5.4108D-07   2.325  1.1520D+10  3.0971D+06  3.2595D-04
 139  3.5578D-05    558.3677  1.2018D+04  1.0000D-90  6.0180D-07   2.325  1.1520D+10  3.1197D+06  3.3088D-04
 140  4.0392D-05    562.4322  1.3462D+04  1.0000D-90  6.6919D-07   2.325  1.1520D+10  3.1424D+06  3.3594D-04
 141  4.5858D-05    566.5402  1.5075D+04  1.0000D-90  7.4397D-07   2.325  1.1520D+10  3.1652D+06  3.4113D-04
 142  5.2064D-05    570.6935  1.6879D+04  1.0000D-90  8.2694D-07   2.325  1.1520D+10  3.1882D+06  3.4647D-04
 143  5.9109D-05    574.8946  1.8895D+04  1.0000D-90  9.1896D-07   2.325  1.1520D+10  3.2113D+06  3.5196D-04
 144  6.7108D-05    579.1472  2.1149D+04  1.0000D-90  1.0210D-06   2.325  1.1520D+10  3.2345D+06  3.5761D-04
 145  7.6189D-05    583.4568  2.3666D+04  1.0000D-90  1.1341D-06   2.325  1.1520D+10  3.2579D+06  3.6343D-04
 146  8.6498D-05    587.8303  2.6478D+04  1.0000D-90  1.2594D-06   2.325  1.1520D+10  3.2814D+06  3.6944D-04
 147  9.8203D-05    592.2778  2.9618D+04  1.0000D-90  1.3982D-06   2.325  1.1520D+10  3.3050D+06  3.7566D-04
 148  1.1149D-04    596.8107  3.3124D+04  1.0000D-90  1.5518D-06   2.325  1.1520D+10  3.3288D+06  3.8210D-04
 149  1.2658D-04    601.4394  3.7036D+04  1.0000D-90  1.7217D-06   2.325  1.1520D+10  3.3527D+06  3.8870D-04
 150  1.4371D-04    606.1755  4.1403D+04  1.0000D-90  1.9097D-06   2.325  1.1520D+10  3.3768D+06  3.9531D-04
 151  1.6315D-04    611.0313  4.6278D+04  1.0000D-90  2.1176D-06   2.325  1.1520D+10  3.4010D+06  4.0220D-04
 152  1.8523D-04    616.0205  5.1715D+04  1.0000D-90  2.3472D-06   2.325  1.1520D+10  3.4253D+06  4.0942D-04
 153  2.1030D-04    621.1582  5.7779D+04  1.0000D-90  2.6007D-06   2.325  1.1520D+10  3.4498D+06  4.1700D-04
 154  2.3876D-04    626.4590  6.4535D+04  1.0000D-90  2.8802D-06   2.325  1.1520D+10  3.4745D+06  4.2497D-04
 155  2.7106D-04    631.9379  7.2059D+04  1.0000D-90  3.1882D-06   2.325  1.1520D+10  3.4993D+06  4.3338D-04
 156  3.0774D-04    637.6084  8.0433D+04  1.0000D-90  3.5270D-06   2.325  1.1520D+10  3.5242D+06  4.4226D-04
 157  3.4939D-04    643.4868  8.9746D+04  1.0000D-90  3.8994D-06   2.325  1.1520D+10  3.5493D+06  4.5168D-04
 158  3.9667D-04    649.6058  1.0009D+05  1.0000D-90  4.3081D-06   2.325  1.1520D+10  3.5745D+06  4.6170D-04
 159  4.5034D-04    655.9650  1.1158D+05  1.0000D-90  4.7560D-06   2.325  1.1520D+10  3.5999D+06  4.7237D-04
 160  5.1128D-04    662.5939  1.2432D+05  1.0000D-90  5.2460D-06   2.325  1.1520D+10  3.6254D+06  4.8376D-04
 161  5.8047D-04    669.4981  1.3844D+05  1.0000D-90  5.7815D-06   2.325  1.1520D+10  3.6510D+06  4.9593D-04
 162  6.5902D-04    676.7247  1.5407D+05  1.0000D-90  6.3654D-06   2.325  1.1520D+10  3.6767D+06  5.0901D-04
 163  7.4820D-04    684.2591  1.7134D+05  1.0000D-90  7.0011D-06   2.325  1.1520D+10  3.7025D+06  5.2304D-04
 164  8.4944D-04    692.1585  1.9041D+05  1.0000D-90  7.6917D-06   2.325  1.1520D+10  3.7285D+06  5.3818D-04
 165  9.6439D-04    700.3907  2.1145D+05  1.0000D-90  8.4408D-06   2.325  1.1520D+10  3.7545D+06  5.5446D-04
 166  1.0949D-03    708.9781  2.3461D+05  1.0000D-90  9.2520D-06   2.325  1.1520D+10  3.7807D+06  5.7198D-04
 167  1.2430D-03    717.9231  2.6008D+05  1.0000D-90  1.0129D-05   2.325  1.1520D+10  3.8070D+06  5.9086D-04
 168  1.4113D-03    727.2297  2.8806D+05  1.0000D-90  1.1075D-05   2.325  1.1520D+10  3.8334D+06  6.1118D-04
 169  1.6022D-03    736.9043  3.1874D+05  1.0000D-90  1.2094D-05   2.325  1.1520D+10  3.8598D+06  6.3306D-04
 170  1.8190D-03    746.9409  3.5235D+05  1.0000D-90  1.3189D-05   2.325  1.1520D+10  3.8864D+06  6.5659D-04
 171  2.0652D-03    757.3530  3.8912D+05  1.0000D-90  1.4365D-05   2.325  1.1520D+10  3.9131D+06  6.8190D-04
 172  2.3447D-03    768.1499  4.2928D+05  1.0000D-90  1.5625D-05   2.325  1.1520D+10  3.9399D+06  7.0915D-04
 173  2.6619D-03    779.3610  4.7310D+05  1.0000D-90  1.6972D-05   2.325  1.1520D+10  3.9667D+06  7.3855D-04
 174  3.0221D-03    791.0503  5.2083D+05  1.0000D-90  1.8408D-05   2.325  1.1520D+10  3.9937D+06  7.7046D-04
 175  3.4311D-03    803.3218  5.7272D+05  1.0000D-90  1.9933D-05   2.325  1.1520D+10  4.0208D+06  8.0540D-04
 176  3.8954D-03    816.3320  6.2901D+05  1.0000D-90  2.1543D-05   2.325  1.1520D+10  4.0479D+06  8.4413D-04
 177  4.4225D-03    830.2967  6.8988D+05  1.0000D-90  2.3231D-05   2.325  1.1519D+10  4.0750D+06  8.8772D-04
 178  5.0210D-03    845.5111  7.5545D+05  1.0000D-90  2.4981D-05   2.325  1.1519D+10  4.1022D+06  9.3771D-04
 179  5.7004D-03    862.3419  8.2573D+05  1.0000D-90  2.6772D-05   2.325  1.1519D+10  4.1293D+06  9.9617D-04
 180  6.4718D-03    881.2461  9.0058D+05  1.0000D-90  2.8573D-05   2.325  1.1519D+10  4.1563D+06  1.0660D-03
 181  7.3475D-03    902.8794  9.7963D+05  1.0000D-90  3.0336D-05   2.325  1.1519D+10  4.1831D+06  1.1517D-03
 182  8.3418D-03    928.0510  1.0622D+06  1.0000D-90  3.2001D-05   2.325  1.1519D+10  4.2096D+06  1.2594D-03
 183  9.4706D-03    957.2269  1.1474D+06  1.0000D-90  3.3513D-05   2.325  1.1519D+10  4.2355D+06  1.3956D-03
 184  1.0752D-02    990.8723  1.2336D+06  1.0000D-90  3.4809D-05   2.325  1.1519D+10  4.2605D+06  1.6038D-03
 185  1.2207D-02   1029.4016  1.3157D+06  3.1748D-08  3.5733D-05   2.325  1.1519D+10  4.2842D+06  1.8723D-03
 186  1.3859D-02   1071.8346  1.4002D+06  9.7402D-08  3.6522D-05   2.324  1.1519D+10  4.3076D+06  2.0313D-03
 187  1.5734D-02   1113.7851  1.4896D+06  2.7320D-07  3.7387D-05   2.324  1.1519D+10  4.3318D+06  2.1530D-03
 188  1.7864D-02   1151.6795  1.5867D+06  6.5268D-07  3.8512D-05   2.324  1.1519D+10  4.3575D+06  2.2215D-03
 189  2.0281D-02   1184.1673  1.6945D+06  1.3213D-06  3.9998D-05   2.324  1.1519D+10  4.3850D+06  2.2568D-03
 190  2.3025D-02   1213.7940  1.8154D+06  2.4360D-06  4.1803D-05   2.324  1.1519D+10  4.4146D+06  2.2805D-03
 191  2.6141D-02   1242.2493  1.9514D+06  4.2675D-06  4.3901D-05   2.324  1.1519D+10  4.4463D+06  2.3032D-03
 192  2.9678D-02   1266.6297  2.1037D+06  6.7961D-06  4.6416D-05   2.324  1.1519D+10  4.4800D+06  2.3380D-03
 193  3.3695D-02   1294.0052  2.2740D+06  1.1179D-05  4.9110D-05   2.323  1.1519D+10  4.5157D+06  2.3753D-03
 194  3.8254D-02   1334.1851  2.4649D+06  2.1979D-05  5.1624D-05   2.323  1.1519D+10  4.5536D+06  2.4049D-03
 195  4.3431D-02   1375.9194  2.6778D+06  4.2498D-05  5.4380D-05   2.323  1.1519D+10  4.5937D+06  2.4589D-03
 196  4.9308D-02   1422.7941  2.9129D+06  8.4884D-05  5.7201D-05   2.323  1.1519D+10  4.6358D+06  2.5454D-03
 197  5.5980D-02   1476.5832  3.1682D+06  1.7757D-04  5.9947D-05   2.323  1.1519D+10  4.6793D+06  2.6875D-03
 198  6.3555D-02   1540.1435  3.4403D+06  3.9709D-04  6.2407D-05   2.323  1.1519D+10  4.7240D+06  2.8463D-03
 199  7.2155D-02   1604.0331  3.7253D+06  8.4102D-04  6.4896D-05   2.323  1.1519D+10  4.7693D+06  3.1139D-03
 200  8.1919D-02   1668.2086  3.9379D+06  1.6744D-03  6.6174D-05   2.331  1.1519D+10  4.8069D+06  4.8014D-03
 201  9.3004D-02   1718.2502  4.1596D+06  2.7867D-03  6.7863D-05   2.331  1.1519D+10  4.8400D+06  5.1951D-03
 202  1.0559D-01   1762.4397  4.3928D+06  4.2869D-03  6.9870D-05   2.331  1.1519D+10  4.8739D+06  5.5868D-03
 203  1.1988D-01   1800.0689  4.6403D+06  6.1191D-03  7.2261D-05   2.331  1.1519D+10  4.9087D+06  5.9561D-03
 204  1.3610D-01   1834.7568  4.9046D+06  8.4183D-03  7.4932D-05   2.331  1.1519D+10  4.9446D+06  6.3261D-03
 205  1.5452D-01   1875.4948  5.1852D+06  1.2023D-02  7.7495D-05   2.331  1.1519D+10  4.9814D+06  6.7903D-03
 206  1.7543D-01   1911.0930  5.4832D+06  1.6297D-02  8.0419D-05   2.330  1.1519D+10  5.0191D+06  7.2342D-03
 207  1.9916D-01   1942.1228  5.8019D+06  2.1162D-02  8.3731D-05   2.330  1.1519D+10  5.0579D+06  7.6542D-03
 208  2.2612D-01   1970.2137  6.1447D+06  2.6731D-02  8.7410D-05   2.330  1.1518D+10  5.0980D+06  8.0636D-03
 209  2.5671D-01   1996.2898  6.5147D+06  3.3131D-02  9.1459D-05   2.330  1.1518D+10  5.1394D+06  8.4707D-03
 210  2.9145D-01   2021.5410  6.9188D+06  4.0684D-02  9.5915D-05   2.330  1.1518D+10  5.1826D+06  8.6875D-03
 211  3.3089D-01   2045.0838  7.3679D+06  4.9259D-02  1.0096D-04   2.330  1.1518D+10  5.2282D+06  8.8732D-03
 212  3.7567D-01   2068.0583  7.8668D+06  5.9297D-02  1.0659D-04   2.330  1.1518D+10  5.2763D+06  9.0689D-03
 213  4.2650D-01   2087.7163  8.4214D+06  6.9761D-02  1.1303D-04   2.330  1.1518D+10  5.3268D+06  9.2575D-03
 214  4.8422D-01   2104.3466  9.0387D+06  8.0455D-02  1.2035D-04   2.330  1.1518D+10  5.3797D+06  9.4393D-03
 215  5.4974D-01   2120.9941  9.7256D+06  9.2776D-02  1.2848D-04   2.330  1.1518D+10  5.4349D+06  9.6350D-03
 216  6.2413D-01   2136.5096  1.0490D+07  1.0622D-01  1.3756D-04   2.330  1.1518D+10  5.4923D+06  9.8373D-03
 217  7.0859D-01   2151.2912  1.1339D+07  1.2106D-01  1.4767D-04   2.329  1.1518D+10  5.5518D+06  1.0050D-02
 218  8.0447D-01   2164.1976  1.2283D+07  1.3644D-01  1.5901D-04   2.329  1.1518D+10  5.6134D+06  1.0264D-02
 219  9.1333D-01   2176.7446  1.3332D+07  1.5349D-01  1.7159D-04   2.329  1.1518D+10  5.6768D+06  1.0492D-02
 220  1.0369D+00   2191.0201  1.4494D+07  1.7443D-01  1.8533D-04   2.329  1.1518D+10  5.7420D+06  1.0756D-02
 221  1.1772D+00   2199.5674  1.5785D+07  1.9179D-01  2.0106D-04   2.329  1.1518D+10  5.8087D+06  1.0986D-02
 222  1.3365D+00   2217.0056  1.7212D+07  2.2190D-01  2.1749D-04   2.329  1.1518D+10  5.8769D+06  1.1327D-02
 223  1.5174D+00   2225.2608  1.8790D+07  2.4365D-01  2.3655D-04   2.329  1.1518D+10  5.9464D+06  1.1599D-02
 224  1.7227D+00   2245.1542  2.0526D+07  2.8546D-01  2.5611D-04   2.329  1.1518D+10  6.0169D+06  1.2027D-02
 225  1.9559D+00   2255.5575  2.2438D+07  3.1706D-01  2.7867D-04   2.329  1.1517D+10  6.0883D+06  1.2379D-02
 226  2.2205D+00   2277.7517  2.4528D+07  3.7522D-01  3.0164D-04   2.329  1.1517D+10  6.1604D+06  1.2915D-02
 227  2.5210D+00   2290.1754  2.6817D+07  4.2070D-01  3.2799D-04   2.329  1.1517D+10  6.2330D+06  1.3364D-02
 228  2.8622D+00   2316.6419  2.9300D+07  5.0726D-01  3.5425D-04   2.329  1.1517D+10  6.3058D+06  1.4071D-02
 229  3.2495D+00   2331.9652  3.1999D+07  5.7581D-01  3.8432D-04   2.329  1.1517D+10  6.3787D+06  1.4661D-02
 230  3.6892D+00   2363.3497  3.4900D+07  7.0764D-01  4.1355D-04   2.328  1.1517D+10  6.4515D+06  1.5613D-02
 231  4.1884D+00   2382.1880  3.8022D+07  8.1394D-01  4.4696D-04   2.328  1.1517D+10  6.5239D+06  1.6408D-02
 232  4.7552D+00   2419.2603  4.1338D+07  1.0197D+00  4.7843D-04   2.328  1.1517D+10  6.5955D+06  1.7733D-02
 233  5.3986D+00   2444.7148  4.4856D+07  1.2025D+00  5.1368D-04   2.328  1.1517D+10  6.6662D+06  1.8911D-02
 234  6.1292D+00   2483.6702  4.8541D+07  1.5024D+00  5.4705D-04   2.327  1.1517D+10  6.7357D+06  2.0683D-02
 235  6.9586D+00   2509.4700  5.2414D+07  1.7592D+00  5.8456D-04   2.327  1.1517D+10  6.8040D+06  2.2210D-02
 236  7.9002D+00   2541.8095  5.6474D+07  2.1120D+00  6.2172D-04   2.327  1.1517D+10  6.8711D+06  2.4227D-02
 237  8.9692D+00   2576.8881  6.0682D+07  2.5524D+00  6.5880D-04   2.326  1.1517D+10  6.9367D+06  2.6666D-02
 238  1.0183D+01   2614.7928  6.4999D+07  3.1031D+00  6.9525D-04   2.325  1.1517D+10  7.0002D+06  2.9641D-02
 239  1.1561D+01   2653.3276  6.9398D+07  3.7586D+00  7.3131D-04   2.325  1.1517D+10  7.0617D+06  3.3124D-02
 240  1.3125D+01   2694.4015  7.3846D+07  4.5688D+00  7.6604D-04   2.324  1.1516D+10  7.1209D+06  3.7382D-02
 241  1.4901D+01   2738.0134  7.8294D+07  5.5690D+00  7.9891D-04   2.323  1.1516D+10  7.1776D+06  4.2618D-02
 242  1.6918D+01   2780.6997  8.2725D+07  6.7183D+00  8.3078D-04   2.322  1.1516D+10  7.2317D+06  4.8634D-02
 243  1.9207D+01   2825.7157  8.7113D+07  8.1185D+00  8.6044D-04   2.321  1.1516D+10  7.2834D+06  5.6010D-02
 244  2.1806D+01   2872.8688  9.1415D+07  9.8151D+00  8.8754D-04   2.319  1.1516D+10  7.3325D+06  6.5051D-02
 245  2.4757D+01   2917.3126  9.5638D+07  1.1682D+01  9.1379D-04   2.318  1.1516D+10  7.3792D+06  7.5093D-02
 246  2.8107D+01   2964.0321  9.9738D+07  1.3923D+01  9.3720D-04   2.316  1.1516D+10  7.4237D+06  8.7352D-02
 247  3.1911D+01   2988.2724  1.0391D+08  1.5391D+01  9.6814D-04   2.315  1.1516D+10  7.4675D+06  9.5073D-02
 248  3.6229D+01   3012.5659  1.0826D+08  1.6999D+01  1.0002D-03   2.314  1.1516D+10  7.5116D+06  1.0364D-01
 249  4.1131D+01   3036.8667  1.1279D+08  1.8755D+01  1.0332D-03   2.313  1.1516D+10  7.5561D+06  1.1310D-01
 250  4.6697D+01   3061.1751  1.1750D+08  2.0670D+01  1.0674D-03   2.312  1.1516D+10  7.6009D+06  1.2338D-01
 251  5.3016D+01   3085.4989  1.2240D+08  2.2759D+01  1.1027D-03   2.311  1.1516D+10  7.6460D+06  1.3457D-01
 252  6.0190D+01   3109.8467  1.2750D+08  2.5036D+01  1.1392D-03   2.310  1.1516D+10  7.6914D+06  1.4672D-01
 253  6.8335D+01   3134.2269  1.3282D+08  2.7517D+01  1.1770D-03   2.309  1.1516D+10  7.7373D+06  1.5993D-01
 254  7.7583D+01   3158.6485  1.3836D+08  3.0220D+01  1.2160D-03   2.308  1.1516D+10  7.7835D+06  1.7426D-01
 255  8.8081D+01   3183.1204  1.4413D+08  3.3163D+01  1.2564D-03   2.307  1.1516D+10  7.8301D+06  1.8983D-01
 256  1.0000D+02   3207.6516  1.5014D+08  3.6366D+01  1.2982D-03   2.306  1.1516D+10  7.8772D+06  2.0671D-01
! 
!   i      tau        z     temp       pg      rho       mu       Hp    gamma    vconv   vsound      Elh     qmue       Cprad?
    1 0.00D+00 0.00D+00 5.27D+02 1.00D-06 5.32D-17 0.00D+00 0.00D+00 0.00D+00 0.00D+00 1.37D+05 0.00D+00 0.00D+00 0.00D+00   1
    2 1.00D-12 3.84D+05 5.27D+02 9.27D-04 4.94D-14 0.00D+00 0.00D+00 0.00D+00 0.00D+00 1.37D+05 0.00D+00 0.00D+00 0.00D+00   1
    3 1.14D-12 4.09D+05 5.27D+02 1.06D-03 5.62D-14 0.00D+00 0.00D+00 0.00D+00 0.00D+00 1.37D+05 0.00D+00 0.00D+00 0.00D+00   1
    4 1.29D-12 4.33D+05 5.27D+02 1.20D-03 6.40D-14 0.00D+00 0.00D+00 0.00D+00 0.00D+00 1.37D+05 0.00D+00 0.00D+00 0.00D+00   1
    5 1.46D-12 4.58D+05 5.27D+02 1.37D-03 7.28D-14 0.00D+00 0.00D+00 0.00D+00 0.00D+00 1.37D+05 0.00D+00 0.00D+00 0.00D+00   1
    6 1.66D-12 4.82D+05 5.27D+02 1.56D-03 8.29D-14 0.00D+00 0.00D+00 0.00D+00 0.00D+00 1.37D+05 0.00D+00 0.00D+00 0.00D+00   1
    7 1.89D-12 5.07D+05 5.27D+02 1.78D-03 9.43D-14 0.00D+00 0.00D+00 0.00D+00 0.00D+00 1.37D+05 0.00D+00 0.00D+00 0.00D+00   1
    8 2.14D-12 5.31D+05 5.28D+02 2.02D-03 1.07D-13 0.00D+00 0.00D+00 0.00D+00 0.00D+00 1.37D+05 0.00D+00 0.00D+00 0.00D+00   1
    9 2.43D-12 5.55D+05 5.28D+02 2.30D-03 1.22D-13 0.00D+00 0.00D+00 0.00D+00 0.00D+00 1.37D+05 0.00D+00 0.00D+00 0.00D+00   1
   10 2.76D-12 5.80D+05 5.28D+02 2.62D-03 1.39D-13 0.00D+00 0.00D+00 0.00D+00 0.00D+00 1.37D+05 0.00D+00 0.00D+00 0.00D+00   1
   11 3.13D-12 6.05D+05 5.28D+02 2.99D-03 1.59D-13 0.00D+00 0.00D+00 0.00D+00 0.00D+00 1.37D+05 0.00D+00 0.00D+00 0.00D+00   1
   12 3.56D-12 6.29D+05 5.28D+02 3.41D-03 1.81D-13 0.00D+00 0.00D+00 0.00D+00 0.00D+00 1.37D+05 0.00D+00 0.00D+00 0.00D+00   1
   13 4.04D-12 6.54D+05 5.28D+02 3.88D-03 2.06D-13 0.00D+00 0.00D+00 0.00D+00 0.00D+00 1.37D+05 0.00D+00 0.00D+00 0.00D+00   1
   14 4.59D-12 6.79D+05 5.28D+02 4.43D-03 2.35D-13 0.00D+00 0.00D+00 0.00D+00 0.00D+00 1.37D+05 0.00D+00 0.00D+00 0.00D+00   1
   15 5.21D-12 7.03D+05 5.28D+02 5.05D-03 2.68D-13 0.00D+00 0.00D+00 0.00D+00 0.00D+00 1.37D+05 0.00D+00 0.00D+00 0.00D+00   1
   16 5.91D-12 7.28D+05 5.28D+02 5.77D-03 3.06D-13 0.00D+00 0.00D+00 0.00D+00 0.00D+00 1.37D+05 0.00D+00 0.00D+00 0.00D+00   1
   17 6.71D-12 7.53D+05 5.28D+02 6.59D-03 3.50D-13 0.00D+00 0.00D+00 0.00D+00 0.00D+00 1.37D+05 0.00D+00 0.00D+00 0.00D+00   1
   18 7.62D-12 7.78D+05 5.28D+02 7.53D-03 4.00D-13 0.00D+00 0.00D+00 0.00D+00 0.00D+00 1.37D+05 0.00D+00 0.00D+00 0.00D+00   1
   19 8.65D-12 8.04D+05 5.28D+02 8.61D-03 4.57D-13 0.00D+00 0.00D+00 0.00D+00 0.00D+00 1.37D+05 0.00D+00 0.00D+00 0.00D+00   1
   20 9.82D-12 8.29D+05 5.27D+02 9.86D-03 5.24D-13 0.00D+00 0.00D+00 0.00D+00 0.00D+00 1.37D+05 0.00D+00 0.00D+00 0.00D+00   1
   21 1.11D-11 8.55D+05 5.27D+02 1.13D-02 6.01D-13 0.00D+00 0.00D+00 0.00D+00 0.00D+00 1.37D+05 0.00D+00 0.00D+00 0.00D+00   1
   22 1.27D-11 8.81D+05 5.26D+02 1.30D-02 6.91D-13 0.00D+00 0.00D+00 0.00D+00 0.00D+00 1.36D+05 0.00D+00 0.00D+00 0.00D+00   1
   23 1.44D-11 9.07D+05 5.25D+02 1.49D-02 7.96D-13 0.00D+00 0.00D+00 0.00D+00 0.00D+00 1.36D+05 0.00D+00 0.00D+00 0.00D+00   1
   24 1.63D-11 9.33D+05 5.24D+02 1.72D-02 9.18D-13 0.00D+00 0.00D+00 0.00D+00 0.00D+00 1.36D+05 0.00D+00 0.00D+00 0.00D+00   1
   25 1.85D-11 9.60D+05 5.23D+02 1.98D-02 1.06D-12 0.00D+00 0.00D+00 0.00D+00 0.00D+00 1.35D+05 0.00D+00 0.00D+00 0.00D+00   1
   26 2.10D-11 9.88D+05 5.21D+02 2.30D-02 1.24D-12 0.00D+00 0.00D+00 0.00D+00 0.00D+00 1.34D+05 0.00D+00 0.00D+00 0.00D+00   1
   27 2.39D-11 1.02D+06 5.18D+02 2.67D-02 1.45D-12 0.00D+00 0.00D+00 0.00D+00 0.00D+00 1.33D+05 0.00D+00 0.00D+00 0.00D+00   1
   28 2.71D-11 1.04D+06 5.13D+02 3.13D-02 1.71D-12 0.00D+00 0.00D+00 0.00D+00 0.00D+00 1.31D+05 0.00D+00 0.00D+00 0.00D+00   1
   29 3.08D-11 1.07D+06 5.07D+02 3.68D-02 2.03D-12 0.00D+00 0.00D+00 0.00D+00 0.00D+00 1.29D+05 0.00D+00 0.00D+00 0.00D+00   1
   30 3.49D-11 1.10D+06 4.98D+02 4.31D-02 2.42D-12 0.00D+00 0.00D+00 0.00D+00 0.00D+00 1.24D+05 0.00D+00 0.00D+00 0.00D+00   1
   31 3.97D-11 1.12D+06 4.86D+02 4.92D-02 2.84D-12 0.00D+00 0.00D+00 0.00D+00 0.00D+00 1.17D+05 0.00D+00 0.00D+00 0.00D+00   1
   32 4.50D-11 1.14D+06 4.72D+02 5.41D-02 3.22D-12 0.00D+00 0.00D+00 0.00D+00 0.00D+00 1.12D+05 0.00D+00 0.00D+00 0.00D+00   1
   33 5.11D-11 1.15D+06 4.60D+02 5.81D-02 3.55D-12 0.00D+00 0.00D+00 0.00D+00 0.00D+00 1.23D+05 0.00D+00 0.00D+00 0.00D+00   1
   34 5.80D-11 1.16D+06 4.62D+02 6.24D-02 3.79D-12 0.00D+00 0.00D+00 0.00D+00 0.00D+00 1.24D+05 0.00D+00 0.00D+00 0.00D+00   1
   35 6.59D-11 1.18D+06 4.53D+02 6.69D-02 4.15D-12 0.00D+00 0.00D+00 0.00D+00 0.00D+00 1.10D+05 0.00D+00 0.00D+00 0.00D+00   1
   36 7.48D-11 1.19D+06 4.40D+02 7.18D-02 4.58D-12 0.00D+00 0.00D+00 0.00D+00 0.00D+00 1.13D+05 0.00D+00 0.00D+00 0.00D+00   1
   37 8.49D-11 1.20D+06 4.37D+02 7.74D-02 4.98D-12 0.00D+00 0.00D+00 0.00D+00 0.00D+00 1.20D+05 0.00D+00 0.00D+00 0.00D+00   1
   38 9.64D-11 1.21D+06 4.34D+02 8.38D-02 5.42D-12 0.00D+00 0.00D+00 0.00D+00 0.00D+00 1.20D+05 0.00D+00 0.00D+00 0.00D+00   1
   39 1.09D-10 1.22D+06 4.32D+02 9.11D-02 5.92D-12 0.00D+00 0.00D+00 0.00D+00 0.00D+00 1.21D+05 0.00D+00 0.00D+00 0.00D+00   1
   40 1.24D-10 1.24D+06 4.30D+02 9.94D-02 6.48D-12 0.00D+00 0.00D+00 0.00D+00 0.00D+00 1.21D+05 0.00D+00 0.00D+00 0.00D+00   1
   41 1.41D-10 1.25D+06 4.29D+02 1.09D-01 7.13D-12 0.00D+00 0.00D+00 0.00D+00 0.00D+00 1.21D+05 0.00D+00 0.00D+00 0.00D+00   1
   42 1.60D-10 1.27D+06 4.27D+02 1.20D-01 7.86D-12 0.00D+00 0.00D+00 0.00D+00 0.00D+00 1.21D+05 0.00D+00 0.00D+00 0.00D+00   1
   43 1.82D-10 1.28D+06 4.26D+02 1.32D-01 8.70D-12 0.00D+00 0.00D+00 0.00D+00 0.00D+00 1.21D+05 0.00D+00 0.00D+00 0.00D+00   1
   44 2.07D-10 1.30D+06 4.24D+02 1.46D-01 9.66D-12 0.00D+00 0.00D+00 0.00D+00 0.00D+00 1.22D+05 0.00D+00 0.00D+00 0.00D+00   1
   45 2.34D-10 1.31D+06 4.24D+02 1.62D-01 1.07D-11 0.00D+00 0.00D+00 0.00D+00 0.00D+00 1.22D+05 0.00D+00 0.00D+00 0.00D+00   1
   46 2.66D-10 1.33D+06 4.24D+02 1.80D-01 1.19D-11 0.00D+00 0.00D+00 0.00D+00 0.00D+00 1.23D+05 0.00D+00 0.00D+00 0.00D+00   1
   47 3.02D-10 1.34D+06 4.24D+02 2.01D-01 1.33D-11 0.00D+00 0.00D+00 0.00D+00 0.00D+00 1.23D+05 0.00D+00 0.00D+00 0.00D+00   1
   48 3.43D-10 1.36D+06 4.23D+02 2.24D-01 1.49D-11 0.00D+00 0.00D+00 0.00D+00 0.00D+00 1.21D+05 0.00D+00 0.00D+00 0.00D+00   1
   49 3.90D-10 1.38D+06 4.21D+02 2.51D-01 1.67D-11 0.00D+00 0.00D+00 0.00D+00 0.00D+00 1.20D+05 0.00D+00 0.00D+00 0.00D+00   1
   50 4.42D-10 1.39D+06 4.19D+02 2.82D-01 1.89D-11 0.00D+00 0.00D+00 0.00D+00 0.00D+00 1.20D+05 0.00D+00 0.00D+00 0.00D+00   1
   51 5.02D-10 1.41D+06 4.18D+02 3.17D-01 2.13D-11 0.00D+00 0.00D+00 0.00D+00 0.00D+00 1.21D+05 0.00D+00 0.00D+00 0.00D+00   1
   52 5.70D-10 1.43D+06 4.18D+02 3.57D-01 2.40D-11 0.00D+00 0.00D+00 0.00D+00 0.00D+00 1.22D+05 0.00D+00 0.00D+00 0.00D+00   1
   53 6.47D-10 1.45D+06 4.17D+02 4.02D-01 2.70D-11 0.00D+00 0.00D+00 0.00D+00 0.00D+00 1.22D+05 0.00D+00 0.00D+00 0.00D+00   1
   54 7.35D-10 1.47D+06 4.17D+02 4.53D-01 3.05D-11 0.00D+00 0.00D+00 0.00D+00 0.00D+00 1.22D+05 0.00D+00 0.00D+00 0.00D+00   1
   55 8.34D-10 1.48D+06 4.17D+02 5.12D-01 3.45D-11 0.00D+00 0.00D+00 0.00D+00 0.00D+00 1.22D+05 0.00D+00 0.00D+00 0.00D+00   1
   56 9.47D-10 1.50D+06 4.17D+02 5.78D-01 3.89D-11 0.00D+00 0.00D+00 0.00D+00 0.00D+00 1.22D+05 0.00D+00 0.00D+00 0.00D+00   1
   57 1.08D-09 1.52D+06 4.17D+02 6.54D-01 4.40D-11 0.00D+00 0.00D+00 0.00D+00 0.00D+00 1.22D+05 0.00D+00 0.00D+00 0.00D+00   1
   58 1.22D-09 1.54D+06 4.17D+02 7.39D-01 4.98D-11 0.00D+00 0.00D+00 0.00D+00 0.00D+00 1.22D+05 0.00D+00 0.00D+00 0.00D+00   1
   59 1.39D-09 1.56D+06 4.16D+02 8.37D-01 5.64D-11 0.00D+00 0.00D+00 0.00D+00 0.00D+00 1.22D+05 0.00D+00 0.00D+00 0.00D+00   1
   60 1.57D-09 1.57D+06 4.16D+02 9.47D-01 6.39D-11 0.00D+00 0.00D+00 0.00D+00 0.00D+00 1.22D+05 0.00D+00 0.00D+00 0.00D+00   1
   61 1.79D-09 1.59D+06 4.16D+02 1.07D+00 7.24D-11 0.00D+00 0.00D+00 0.00D+00 0.00D+00 1.22D+05 0.00D+00 0.00D+00 0.00D+00   1
   62 2.03D-09 1.61D+06 4.16D+02 1.22D+00 8.20D-11 0.00D+00 0.00D+00 0.00D+00 0.00D+00 1.22D+05 0.00D+00 0.00D+00 0.00D+00   1
   63 2.30D-09 1.63D+06 4.16D+02 1.38D+00 9.29D-11 0.00D+00 0.00D+00 0.00D+00 0.00D+00 1.22D+05 0.00D+00 0.00D+00 0.00D+00   1
   64 2.61D-09 1.65D+06 4.16D+02 1.56D+00 1.05D-10 0.00D+00 0.00D+00 0.00D+00 0.00D+00 1.22D+05 0.00D+00 0.00D+00 0.00D+00   1
   65 2.97D-09 1.67D+06 4.16D+02 1.77D+00 1.19D-10 0.00D+00 0.00D+00 0.00D+00 0.00D+00 1.22D+05 0.00D+00 0.00D+00 0.00D+00   1
   66 3.37D-09 1.69D+06 4.16D+02 2.01D+00 1.35D-10 0.00D+00 0.00D+00 0.00D+00 0.00D+00 1.22D+05 0.00D+00 0.00D+00 0.00D+00   1
   67 3.83D-09 1.70D+06 4.16D+02 2.28D+00 1.54D-10 0.00D+00 0.00D+00 0.00D+00 0.00D+00 1.22D+05 0.00D+00 0.00D+00 0.00D+00   1
   68 4.34D-09 1.72D+06 4.16D+02 2.58D+00 1.74D-10 0.00D+00 0.00D+00 0.00D+00 0.00D+00 1.22D+05 0.00D+00 0.00D+00 0.00D+00   1
   69 4.93D-09 1.74D+06 4.17D+02 2.93D+00 1.97D-10 0.00D+00 0.00D+00 0.00D+00 0.00D+00 1.22D+05 0.00D+00 0.00D+00 0.00D+00   1
   70 5.60D-09 1.76D+06 4.17D+02 3.32D+00 2.23D-10 0.00D+00 0.00D+00 0.00D+00 0.00D+00 1.23D+05 0.00D+00 0.00D+00 0.00D+00   1
   71 6.36D-09 1.78D+06 4.18D+02 3.76D+00 2.53D-10 0.00D+00 0.00D+00 0.00D+00 0.00D+00 1.23D+05 0.00D+00 0.00D+00 0.00D+00   1
   72 7.22D-09 1.80D+06 4.18D+02 4.27D+00 2.86D-10 0.00D+00 0.00D+00 0.00D+00 0.00D+00 1.23D+05 0.00D+00 0.00D+00 0.00D+00   1
   73 8.19D-09 1.82D+06 4.19D+02 4.84D+00 3.24D-10 0.00D+00 0.00D+00 0.00D+00 0.00D+00 1.23D+05 0.00D+00 0.00D+00 0.00D+00   1
   74 9.30D-09 1.84D+06 4.20D+02 5.48D+00 3.67D-10 0.00D+00 0.00D+00 0.00D+00 0.00D+00 1.23D+05 0.00D+00 0.00D+00 0.00D+00   1
   75 1.06D-08 1.85D+06 4.20D+02 6.21D+00 4.15D-10 0.00D+00 0.00D+00 0.00D+00 0.00D+00 1.23D+05 0.00D+00 0.00D+00 0.00D+00   1
   76 1.20D-08 1.87D+06 4.21D+02 7.04D+00 4.69D-10 0.00D+00 0.00D+00 0.00D+00 0.00D+00 1.23D+05 0.00D+00 0.00D+00 0.00D+00   1
   77 1.36D-08 1.89D+06 4.22D+02 7.98D+00 5.31D-10 0.00D+00 0.00D+00 0.00D+00 0.00D+00 1.23D+05 0.00D+00 0.00D+00 0.00D+00   1
   78 1.55D-08 1.91D+06 4.22D+02 9.04D+00 6.00D-10 0.00D+00 0.00D+00 0.00D+00 0.00D+00 1.24D+05 0.00D+00 0.00D+00 0.00D+00   1
   79 1.75D-08 1.93D+06 4.23D+02 1.02D+01 6.79D-10 0.00D+00 0.00D+00 0.00D+00 0.00D+00 1.24D+05 0.00D+00 0.00D+00 0.00D+00   1
   80 1.99D-08 1.95D+06 4.24D+02 1.16D+01 7.67D-10 0.00D+00 0.00D+00 0.00D+00 0.00D+00 1.24D+05 0.00D+00 0.00D+00 0.00D+00   1
   81 2.26D-08 1.97D+06 4.24D+02 1.31D+01 8.67D-10 0.00D+00 0.00D+00 0.00D+00 0.00D+00 1.24D+05 0.00D+00 0.00D+00 0.00D+00   1
   82 2.57D-08 1.98D+06 4.25D+02 1.48D+01 9.79D-10 0.00D+00 0.00D+00 0.00D+00 0.00D+00 1.24D+05 0.00D+00 0.00D+00 0.00D+00   1
   83 2.91D-08 2.00D+06 4.26D+02 1.68D+01 1.10D-09 0.00D+00 0.00D+00 0.00D+00 0.00D+00 1.24D+05 0.00D+00 0.00D+00 0.00D+00   1
   84 3.31D-08 2.02D+06 4.27D+02 1.90D+01 1.25D-09 0.00D+00 0.00D+00 0.00D+00 0.00D+00 1.24D+05 0.00D+00 0.00D+00 0.00D+00   1
   85 3.76D-08 2.04D+06 4.27D+02 2.14D+01 1.41D-09 0.00D+00 0.00D+00 0.00D+00 0.00D+00 1.24D+05 0.00D+00 0.00D+00 0.00D+00   1
   86 4.27D-08 2.06D+06 4.28D+02 2.42D+01 1.58D-09 0.00D+00 0.00D+00 0.00D+00 0.00D+00 1.25D+05 0.00D+00 0.00D+00 0.00D+00   1
   87 4.84D-08 2.08D+06 4.29D+02 2.73D+01 1.78D-09 0.00D+00 0.00D+00 0.00D+00 0.00D+00 1.25D+05 0.00D+00 0.00D+00 0.00D+00   1
   88 5.50D-08 2.10D+06 4.30D+02 3.08D+01 2.01D-09 0.00D+00 0.00D+00 0.00D+00 0.00D+00 1.25D+05 0.00D+00 0.00D+00 0.00D+00   1
   89 6.24D-08 2.11D+06 4.31D+02 3.47D+01 2.26D-09 0.00D+00 0.00D+00 0.00D+00 0.00D+00 1.25D+05 0.00D+00 0.00D+00 0.00D+00   1
   90 7.09D-08 2.13D+06 4.31D+02 3.91D+01 2.54D-09 0.00D+00 0.00D+00 0.00D+00 0.00D+00 1.25D+05 0.00D+00 0.00D+00 0.00D+00   1
   91 8.04D-08 2.15D+06 4.33D+02 4.40D+01 2.85D-09 0.00D+00 0.00D+00 0.00D+00 0.00D+00 1.26D+05 0.00D+00 0.00D+00 0.00D+00   1
   92 9.13D-08 2.17D+06 4.34D+02 4.95D+01 3.20D-09 0.00D+00 0.00D+00 0.00D+00 0.00D+00 1.26D+05 0.00D+00 0.00D+00 0.00D+00   1
   93 1.04D-07 2.19D+06 4.35D+02 5.58D+01 3.59D-09 0.00D+00 0.00D+00 0.00D+00 0.00D+00 1.26D+05 0.00D+00 0.00D+00 0.00D+00   1
   94 1.18D-07 2.21D+06 4.36D+02 6.27D+01 4.02D-09 0.00D+00 0.00D+00 0.00D+00 0.00D+00 1.26D+05 0.00D+00 0.00D+00 0.00D+00   1
   95 1.34D-07 2.23D+06 4.37D+02 7.05D+01 4.51D-09 0.00D+00 0.00D+00 0.00D+00 0.00D+00 1.27D+05 0.00D+00 0.00D+00 0.00D+00   1
   96 1.52D-07 2.24D+06 4.39D+02 7.93D+01 5.06D-09 0.00D+00 0.00D+00 0.00D+00 0.00D+00 1.27D+05 0.00D+00 0.00D+00 0.00D+00   1
   97 1.72D-07 2.26D+06 4.40D+02 8.92D+01 5.67D-09 0.00D+00 0.00D+00 0.00D+00 0.00D+00 1.27D+05 0.00D+00 0.00D+00 0.00D+00   1
   98 1.96D-07 2.28D+06 4.41D+02 1.00D+02 6.35D-09 0.00D+00 0.00D+00 0.00D+00 0.00D+00 1.27D+05 0.00D+00 0.00D+00 0.00D+00   1
   99 2.22D-07 2.30D+06 4.43D+02 1.13D+02 7.12D-09 0.00D+00 0.00D+00 0.00D+00 0.00D+00 1.28D+05 0.00D+00 0.00D+00 0.00D+00   1
  100 2.52D-07 2.32D+06 4.45D+02 1.27D+02 7.98D-09 0.00D+00 0.00D+00 0.00D+00 0.00D+00 1.28D+05 0.00D+00 0.00D+00 0.00D+00   1
  101 2.86D-07 2.34D+06 4.46D+02 1.43D+02 8.94D-09 0.00D+00 0.00D+00 0.00D+00 0.00D+00 1.28D+05 0.00D+00 0.00D+00 0.00D+00   1
  102 3.25D-07 2.36D+06 4.48D+02 1.60D+02 1.00D-08 0.00D+00 0.00D+00 0.00D+00 0.00D+00 1.29D+05 0.00D+00 0.00D+00 0.00D+00   1
  103 3.69D-07 2.37D+06 4.50D+02 1.81D+02 1.12D-08 0.00D+00 0.00D+00 0.00D+00 0.00D+00 1.29D+05 0.00D+00 0.00D+00 0.00D+00   1
  104 4.19D-07 2.39D+06 4.51D+02 2.03D+02 1.26D-08 0.00D+00 0.00D+00 0.00D+00 0.00D+00 1.29D+05 0.00D+00 0.00D+00 0.00D+00   1
  105 4.76D-07 2.41D+06 4.53D+02 2.29D+02 1.41D-08 0.00D+00 0.00D+00 0.00D+00 0.00D+00 1.30D+05 0.00D+00 0.00D+00 0.00D+00   1
  106 5.40D-07 2.43D+06 4.55D+02 2.57D+02 1.58D-08 0.00D+00 0.00D+00 0.00D+00 0.00D+00 1.30D+05 0.00D+00 0.00D+00 0.00D+00   1
  107 6.13D-07 2.45D+06 4.57D+02 2.90D+02 1.77D-08 0.00D+00 0.00D+00 0.00D+00 0.00D+00 1.30D+05 0.00D+00 0.00D+00 0.00D+00   1
  108 6.96D-07 2.47D+06 4.59D+02 3.26D+02 1.98D-08 0.00D+00 0.00D+00 0.00D+00 0.00D+00 1.31D+05 0.00D+00 0.00D+00 0.00D+00   1
  109 7.90D-07 2.49D+06 4.62D+02 3.67D+02 2.22D-08 0.00D+00 0.00D+00 0.00D+00 0.00D+00 1.31D+05 0.00D+00 0.00D+00 0.00D+00   1
  110 8.97D-07 2.51D+06 4.64D+02 4.13D+02 2.49D-08 0.00D+00 0.00D+00 0.00D+00 0.00D+00 1.32D+05 0.00D+00 0.00D+00 0.00D+00   1
  111 1.02D-06 2.53D+06 4.66D+02 4.65D+02 2.79D-08 0.00D+00 0.00D+00 0.00D+00 0.00D+00 1.32D+05 0.00D+00 0.00D+00 0.00D+00   1
  112 1.16D-06 2.55D+06 4.69D+02 5.23D+02 3.12D-08 0.00D+00 0.00D+00 0.00D+00 0.00D+00 1.32D+05 0.00D+00 0.00D+00 0.00D+00   1
  113 1.31D-06 2.57D+06 4.71D+02 5.89D+02 3.49D-08 0.00D+00 0.00D+00 0.00D+00 0.00D+00 1.33D+05 0.00D+00 0.00D+00 0.00D+00   1
  114 1.49D-06 2.59D+06 4.74D+02 6.62D+02 3.91D-08 0.00D+00 0.00D+00 0.00D+00 0.00D+00 1.33D+05 0.00D+00 0.00D+00 0.00D+00   1
  115 1.69D-06 2.61D+06 4.76D+02 7.45D+02 4.37D-08 0.00D+00 0.00D+00 0.00D+00 0.00D+00 1.34D+05 0.00D+00 0.00D+00 0.00D+00   1
  116 1.92D-06 2.63D+06 4.79D+02 8.39D+02 4.89D-08 0.00D+00 0.00D+00 0.00D+00 0.00D+00 1.34D+05 0.00D+00 0.00D+00 0.00D+00   1
  117 2.18D-06 2.65D+06 4.82D+02 9.43D+02 5.47D-08 0.00D+00 0.00D+00 0.00D+00 0.00D+00 1.35D+05 0.00D+00 0.00D+00 0.00D+00   1
  118 2.48D-06 2.67D+06 4.85D+02 1.06D+03 6.12D-08 0.00D+00 0.00D+00 0.00D+00 0.00D+00 1.35D+05 0.00D+00 0.00D+00 0.00D+00   1
  119 2.81D-06 2.69D+06 4.88D+02 1.19D+03 6.84D-08 0.00D+00 0.00D+00 0.00D+00 0.00D+00 1.36D+05 0.00D+00 0.00D+00 0.00D+00   1
  120 3.19D-06 2.71D+06 4.91D+02 1.34D+03 7.65D-08 0.00D+00 0.00D+00 0.00D+00 0.00D+00 1.36D+05 0.00D+00 0.00D+00 0.00D+00   1
  121 3.62D-06 2.73D+06 4.94D+02 1.51D+03 8.55D-08 0.00D+00 0.00D+00 0.00D+00 0.00D+00 1.37D+05 0.00D+00 0.00D+00 0.00D+00   1
  122 4.11D-06 2.75D+06 4.97D+02 1.70D+03 9.55D-08 0.00D+00 0.00D+00 0.00D+00 0.00D+00 1.37D+05 0.00D+00 0.00D+00 0.00D+00   1
  123 4.67D-06 2.77D+06 5.00D+02 1.91D+03 1.07D-07 0.00D+00 0.00D+00 0.00D+00 0.00D+00 1.38D+05 0.00D+00 0.00D+00 0.00D+00   1
  124 5.30D-06 2.79D+06 5.03D+02 2.14D+03 1.19D-07 0.00D+00 0.00D+00 0.00D+00 0.00D+00 1.38D+05 0.00D+00 0.00D+00 0.00D+00   1
  125 6.02D-06 2.81D+06 5.06D+02 2.41D+03 1.33D-07 0.00D+00 0.00D+00 0.00D+00 0.00D+00 1.39D+05 0.00D+00 0.00D+00 0.00D+00   1
  126 6.83D-06 2.84D+06 5.10D+02 2.70D+03 1.48D-07 0.00D+00 0.00D+00 0.00D+00 0.00D+00 1.39D+05 0.00D+00 0.00D+00 0.00D+00   1
  127 7.76D-06 2.86D+06 5.13D+02 3.03D+03 1.65D-07 0.00D+00 0.00D+00 0.00D+00 0.00D+00 1.40D+05 0.00D+00 0.00D+00 0.00D+00   1
  128 8.81D-06 2.88D+06 5.17D+02 3.41D+03 1.84D-07 0.00D+00 0.00D+00 0.00D+00 0.00D+00 1.40D+05 0.00D+00 0.00D+00 0.00D+00   1
  129 1.00D-05 2.90D+06 5.20D+02 3.83D+03 2.06D-07 0.00D+00 0.00D+00 0.00D+00 0.00D+00 1.41D+05 0.00D+00 0.00D+00 0.00D+00   1
  130 1.14D-05 2.92D+06 5.24D+02 4.29D+03 2.29D-07 0.00D+00 0.00D+00 0.00D+00 0.00D+00 1.41D+05 0.00D+00 0.00D+00 0.00D+00   1
  131 1.29D-05 2.94D+06 5.27D+02 4.82D+03 2.55D-07 0.00D+00 0.00D+00 0.00D+00 0.00D+00 1.42D+05 0.00D+00 0.00D+00 0.00D+00   1
  132 1.46D-05 2.96D+06 5.31D+02 5.40D+03 2.84D-07 0.00D+00 0.00D+00 0.00D+00 0.00D+00 1.42D+05 0.00D+00 0.00D+00 0.00D+00   1
  133 1.66D-05 2.99D+06 5.35D+02 6.06D+03 3.17D-07 0.00D+00 0.00D+00 0.00D+00 0.00D+00 1.43D+05 0.00D+00 0.00D+00 0.00D+00   1
  134 1.89D-05 3.01D+06 5.39D+02 6.80D+03 3.53D-07 0.00D+00 0.00D+00 0.00D+00 0.00D+00 1.43D+05 0.00D+00 0.00D+00 0.00D+00   1
  135 2.14D-05 3.03D+06 5.43D+02 7.62D+03 3.93D-07 0.00D+00 0.00D+00 0.00D+00 0.00D+00 1.44D+05 0.00D+00 0.00D+00 0.00D+00   1
  136 2.43D-05 3.05D+06 5.46D+02 8.54D+03 4.37D-07 0.00D+00 0.00D+00 0.00D+00 0.00D+00 1.44D+05 0.00D+00 0.00D+00 0.00D+00   1
  137 2.76D-05 3.07D+06 5.50D+02 9.57D+03 4.86D-07 0.00D+00 0.00D+00 0.00D+00 0.00D+00 1.45D+05 0.00D+00 0.00D+00 0.00D+00   1
  138 3.13D-05 3.10D+06 5.54D+02 1.07D+04 5.41D-07 0.00D+00 0.00D+00 0.00D+00 0.00D+00 1.45D+05 0.00D+00 0.00D+00 0.00D+00   1
  139 3.56D-05 3.12D+06 5.58D+02 1.20D+04 6.02D-07 0.00D+00 0.00D+00 0.00D+00 0.00D+00 1.46D+05 0.00D+00 0.00D+00 0.00D+00   1
  140 4.04D-05 3.14D+06 5.62D+02 1.35D+04 6.69D-07 0.00D+00 0.00D+00 0.00D+00 0.00D+00 1.47D+05 0.00D+00 0.00D+00 0.00D+00   1
  141 4.59D-05 3.17D+06 5.67D+02 1.51D+04 7.44D-07 0.00D+00 0.00D+00 0.00D+00 0.00D+00 1.47D+05 0.00D+00 0.00D+00 0.00D+00   1
  142 5.21D-05 3.19D+06 5.71D+02 1.69D+04 8.27D-07 0.00D+00 0.00D+00 0.00D+00 0.00D+00 1.48D+05 0.00D+00 0.00D+00 0.00D+00   1
  143 5.91D-05 3.21D+06 5.75D+02 1.89D+04 9.19D-07 0.00D+00 0.00D+00 0.00D+00 0.00D+00 1.48D+05 0.00D+00 0.00D+00 0.00D+00   1
  144 6.71D-05 3.23D+06 5.79D+02 2.11D+04 1.02D-06 0.00D+00 0.00D+00 0.00D+00 0.00D+00 1.49D+05 0.00D+00 0.00D+00 0.00D+00   1
  145 7.62D-05 3.26D+06 5.83D+02 2.37D+04 1.13D-06 0.00D+00 0.00D+00 0.00D+00 0.00D+00 1.49D+05 0.00D+00 0.00D+00 0.00D+00   1
  146 8.65D-05 3.28D+06 5.88D+02 2.65D+04 1.26D-06 0.00D+00 0.00D+00 0.00D+00 0.00D+00 1.50D+05 0.00D+00 0.00D+00 0.00D+00   1
  147 9.82D-05 3.31D+06 5.92D+02 2.96D+04 1.40D-06 0.00D+00 0.00D+00 0.00D+00 0.00D+00 1.51D+05 0.00D+00 0.00D+00 0.00D+00   1
  148 1.11D-04 3.33D+06 5.97D+02 3.31D+04 1.55D-06 0.00D+00 0.00D+00 0.00D+00 0.00D+00 1.51D+05 0.00D+00 0.00D+00 0.00D+00   1
  149 1.27D-04 3.35D+06 6.01D+02 3.70D+04 1.72D-06 0.00D+00 0.00D+00 0.00D+00 0.00D+00 1.52D+05 0.00D+00 0.00D+00 0.00D+00   1
  150 1.44D-04 3.38D+06 6.06D+02 4.14D+04 1.91D-06 0.00D+00 0.00D+00 0.00D+00 0.00D+00 1.53D+05 0.00D+00 0.00D+00 0.00D+00   1
  151 1.63D-04 3.40D+06 6.11D+02 4.63D+04 2.12D-06 0.00D+00 0.00D+00 0.00D+00 0.00D+00 1.53D+05 0.00D+00 0.00D+00 0.00D+00   1
  152 1.85D-04 3.43D+06 6.16D+02 5.17D+04 2.35D-06 0.00D+00 0.00D+00 0.00D+00 0.00D+00 1.54D+05 0.00D+00 0.00D+00 0.00D+00   1
  153 2.10D-04 3.45D+06 6.21D+02 5.78D+04 2.60D-06 0.00D+00 0.00D+00 0.00D+00 0.00D+00 1.55D+05 0.00D+00 0.00D+00 0.00D+00   1
  154 2.39D-04 3.47D+06 6.26D+02 6.45D+04 2.88D-06 0.00D+00 0.00D+00 0.00D+00 0.00D+00 1.56D+05 0.00D+00 0.00D+00 0.00D+00   1
  155 2.71D-04 3.50D+06 6.32D+02 7.21D+04 3.19D-06 0.00D+00 0.00D+00 0.00D+00 0.00D+00 1.57D+05 0.00D+00 0.00D+00 0.00D+00   1
  156 3.08D-04 3.52D+06 6.38D+02 8.04D+04 3.53D-06 0.00D+00 0.00D+00 0.00D+00 0.00D+00 1.58D+05 0.00D+00 0.00D+00 0.00D+00   1
  157 3.49D-04 3.55D+06 6.43D+02 8.97D+04 3.90D-06 0.00D+00 0.00D+00 0.00D+00 0.00D+00 1.59D+05 0.00D+00 0.00D+00 0.00D+00   1
  158 3.97D-04 3.57D+06 6.50D+02 1.00D+05 4.31D-06 0.00D+00 0.00D+00 0.00D+00 0.00D+00 1.60D+05 0.00D+00 0.00D+00 0.00D+00   1
  159 4.50D-04 3.60D+06 6.56D+02 1.12D+05 4.76D-06 0.00D+00 0.00D+00 0.00D+00 0.00D+00 1.61D+05 0.00D+00 0.00D+00 0.00D+00   1
  160 5.11D-04 3.63D+06 6.63D+02 1.24D+05 5.25D-06 0.00D+00 0.00D+00 0.00D+00 0.00D+00 1.62D+05 0.00D+00 0.00D+00 0.00D+00   1
  161 5.80D-04 3.65D+06 6.69D+02 1.38D+05 5.78D-06 0.00D+00 0.00D+00 0.00D+00 0.00D+00 1.63D+05 0.00D+00 0.00D+00 0.00D+00   1
  162 6.59D-04 3.68D+06 6.77D+02 1.54D+05 6.37D-06 0.00D+00 0.00D+00 0.00D+00 0.00D+00 1.64D+05 0.00D+00 0.00D+00 0.00D+00   1
  163 7.48D-04 3.70D+06 6.84D+02 1.71D+05 7.00D-06 0.00D+00 0.00D+00 0.00D+00 0.00D+00 1.65D+05 0.00D+00 0.00D+00 0.00D+00   1
  164 8.49D-04 3.73D+06 6.92D+02 1.90D+05 7.69D-06 0.00D+00 0.00D+00 0.00D+00 0.00D+00 1.67D+05 0.00D+00 0.00D+00 0.00D+00   1
  165 9.64D-04 3.75D+06 7.00D+02 2.11D+05 8.44D-06 0.00D+00 0.00D+00 0.00D+00 0.00D+00 1.68D+05 0.00D+00 0.00D+00 0.00D+00   1
  166 1.09D-03 3.78D+06 7.09D+02 2.35D+05 9.25D-06 2.32D+00 2.52D+05 1.42D+00 0.00D+00 1.70D+05 0.00D+00 9.95D-01 1.21D+08   1
  167 1.24D-03 3.81D+06 7.18D+02 2.60D+05 1.01D-05 2.32D+00 2.55D+05 1.42D+00 0.00D+00 1.71D+05 0.00D+00 9.95D-01 1.21D+08   1
  168 1.41D-03 3.83D+06 7.27D+02 2.88D+05 1.11D-05 2.32D+00 2.58D+05 1.42D+00 0.00D+00 1.73D+05 0.00D+00 9.95D-01 1.21D+08   1
  169 1.60D-03 3.86D+06 7.37D+02 3.19D+05 1.21D-05 2.32D+00 2.62D+05 1.42D+00 0.00D+00 1.74D+05 0.00D+00 9.95D-01 1.21D+08   1
  170 1.82D-03 3.89D+06 7.47D+02 3.52D+05 1.32D-05 2.32D+00 2.65D+05 1.42D+00 0.00D+00 1.76D+05 0.00D+00 9.95D-01 1.21D+08   1
  171 2.07D-03 3.91D+06 7.57D+02 3.89D+05 1.44D-05 2.32D+00 2.69D+05 1.42D+00 0.00D+00 1.78D+05 0.00D+00 9.95D-01 1.21D+08   1
  172 2.34D-03 3.94D+06 7.68D+02 4.29D+05 1.56D-05 2.32D+00 2.73D+05 1.42D+00 0.00D+00 1.79D+05 0.00D+00 9.95D-01 1.21D+08   1
  173 2.66D-03 3.97D+06 7.79D+02 4.73D+05 1.70D-05 2.32D+00 2.77D+05 1.42D+00 0.00D+00 1.81D+05 0.00D+00 9.95D-01 1.21D+08   1
  174 3.02D-03 3.99D+06 7.91D+02 5.21D+05 1.84D-05 2.32D+00 2.81D+05 1.41D+00 0.00D+00 1.83D+05 0.00D+00 9.95D-01 1.21D+08   1
  175 3.43D-03 4.02D+06 8.03D+02 5.73D+05 1.99D-05 2.32D+00 2.85D+05 1.41D+00 0.00D+00 1.86D+05 0.00D+00 9.95D-01 1.21D+08   1
  176 3.90D-03 4.05D+06 8.16D+02 6.29D+05 2.15D-05 2.32D+00 2.90D+05 1.41D+00 0.00D+00 1.88D+05 0.00D+00 9.95D-01 1.22D+08   1
  177 4.42D-03 4.08D+06 8.30D+02 6.90D+05 2.32D-05 2.32D+00 2.95D+05 1.41D+00 0.00D+00 1.92D+05 0.00D+00 9.95D-01 1.22D+08   1
  178 5.02D-03 4.10D+06 8.46D+02 7.55D+05 2.50D-05 2.32D+00 3.00D+05 1.41D+00 0.00D+00 1.96D+05 0.00D+00 9.95D-01 1.22D+08   1
  179 5.70D-03 4.13D+06 8.62D+02 8.26D+05 2.68D-05 2.32D+00 3.06D+05 1.41D+00 0.00D+00 2.01D+05 0.00D+00 9.95D-01 1.22D+08   1
  180 6.47D-03 4.16D+06 8.81D+02 9.01D+05 2.86D-05 2.32D+00 3.13D+05 1.41D+00 0.00D+00 2.08D+05 0.00D+00 9.95D-01 1.22D+08   1
  181 7.35D-03 4.18D+06 9.03D+02 9.80D+05 3.03D-05 2.32D+00 3.21D+05 1.41D+00 0.00D+00 2.17D+05 0.00D+00 9.95D-01 1.22D+08   1
  182 8.34D-03 4.21D+06 9.28D+02 1.06D+06 3.20D-05 2.32D+00 3.29D+05 1.41D+00 0.00D+00 2.30D+05 0.00D+00 9.95D-01 1.23D+08   1
  183 9.47D-03 4.24D+06 9.57D+02 1.15D+06 3.35D-05 2.32D+00 3.40D+05 1.41D+00 0.00D+00 2.49D+05 0.00D+00 9.95D-01 1.23D+08   1
  184 1.08D-02 4.26D+06 9.91D+02 1.23D+06 3.48D-05 2.32D+00 3.52D+05 1.40D+00 0.00D+00 2.82D+05 0.00D+00 9.95D-01 1.24D+08   1
  185 1.22D-02 4.28D+06 1.03D+03 1.32D+06 3.57D-05 2.32D+00 3.65D+05 1.40D+00 0.00D+00 3.14D+05 0.00D+00 9.96D-01 1.24D+08   1
  186 1.39D-02 4.31D+06 1.07D+03 1.40D+06 3.65D-05 2.32D+00 3.81D+05 1.40D+00 0.00D+00 3.25D+05 0.00D+00 9.96D-01 1.25D+08   1
  187 1.57D-02 4.33D+06 1.11D+03 1.49D+06 3.74D-05 2.32D+00 3.95D+05 1.39D+00 0.00D+00 3.10D+05 0.00D+00 9.97D-01 1.26D+08   1
  188 1.79D-02 4.36D+06 1.15D+03 1.59D+06 3.85D-05 2.32D+00 4.09D+05 1.39D+00 0.00D+00 2.84D+05 0.00D+00 9.98D-01 1.27D+08   1
  189 2.03D-02 4.38D+06 1.18D+03 1.69D+06 4.00D-05 2.32D+00 4.21D+05 1.39D+00 0.00D+00 2.65D+05 0.00D+00 9.99D-01 1.28D+08   1
  190 2.30D-02 4.41D+06 1.21D+03 1.82D+06 4.18D-05 2.32D+00 4.31D+05 1.39D+00 0.00D+00 2.57D+05 0.00D+00 9.99D-01 1.28D+08   1
  191 2.61D-02 4.45D+06 1.24D+03 1.95D+06 4.39D-05 2.32D+00 4.41D+05 1.38D+00 0.00D+00 2.51D+05 0.00D+00 9.99D-01 1.29D+08   1
  192 2.97D-02 4.48D+06 1.27D+03 2.10D+06 4.64D-05 2.32D+00 4.50D+05 1.38D+00 0.00D+00 2.49D+05 0.00D+00 9.99D-01 1.29D+08   1
  193 3.37D-02 4.52D+06 1.29D+03 2.27D+06 4.91D-05 2.32D+00 4.60D+05 1.38D+00 0.00D+00 2.64D+05 0.00D+00 9.98D-01 1.29D+08   1
  194 3.83D-02 4.55D+06 1.33D+03 2.46D+06 5.16D-05 2.32D+00 4.74D+05 1.38D+00 0.00D+00 2.77D+05 0.00D+00 9.98D-01 1.30D+08   1
  195 4.34D-02 4.59D+06 1.38D+03 2.68D+06 5.44D-05 2.32D+00 4.89D+05 1.38D+00 0.00D+00 2.83D+05 0.00D+00 9.98D-01 1.30D+08   1
  196 4.93D-02 4.64D+06 1.42D+03 2.91D+06 5.72D-05 2.32D+00 5.05D+05 1.38D+00 0.00D+00 2.97D+05 0.00D+00 9.97D-01 1.31D+08   1
  197 5.60D-02 4.68D+06 1.48D+03 3.17D+06 5.99D-05 2.32D+00 5.25D+05 1.37D+00 0.00D+00 3.20D+05 0.00D+00 9.97D-01 1.32D+08   1
  198 6.36D-02 4.72D+06 1.54D+03 3.44D+06 6.24D-05 2.32D+00 5.47D+05 1.37D+00 0.00D+00 3.35D+05 0.00D+00 9.96D-01 1.32D+08   1
  199 7.22D-02 4.77D+06 1.60D+03 3.73D+06 6.49D-05 2.32D+00 5.70D+05 1.36D+00 0.00D+00 3.86D+05 0.00D+00 9.96D-01 1.33D+08   1
  200 8.19D-02 4.81D+06 1.67D+03 3.94D+06 6.62D-05 2.33D+00 5.91D+05 1.36D+00 0.00D+00 3.89D+05 0.00D+00 9.96D-01 1.34D+08   1
  201 9.30D-02 4.84D+06 1.72D+03 4.16D+06 6.79D-05 2.33D+00 6.08D+05 1.36D+00 0.00D+00 3.53D+05 0.00D+00 9.96D-01 1.35D+08   1
  202 1.06D-01 4.87D+06 1.76D+03 4.39D+06 6.99D-05 2.33D+00 6.24D+05 1.35D+00 0.00D+00 3.32D+05 0.00D+00 9.96D-01 1.36D+08   1
  203 1.20D-01 4.91D+06 1.80D+03 4.64D+06 7.23D-05 2.33D+00 6.37D+05 1.35D+00 0.00D+00 3.18D+05 0.00D+00 9.96D-01 1.37D+08   1
  204 1.36D-01 4.94D+06 1.83D+03 4.90D+06 7.49D-05 2.33D+00 6.50D+05 1.35D+00 0.00D+00 3.23D+05 0.00D+00 9.97D-01 1.38D+08   1
  205 1.55D-01 4.98D+06 1.88D+03 5.19D+06 7.75D-05 2.33D+00 6.64D+05 1.35D+00 0.00D+00 3.25D+05 0.00D+00 9.97D-01 1.39D+08   1
  206 1.75D-01 5.02D+06 1.91D+03 5.48D+06 8.04D-05 2.33D+00 6.77D+05 1.34D+00 0.00D+00 3.15D+05 0.00D+00 9.98D-01 1.40D+08   1
  207 1.99D-01 5.06D+06 1.94D+03 5.80D+06 8.37D-05 2.33D+00 6.88D+05 1.34D+00 0.00D+00 3.08D+05 0.00D+00 9.98D-01 1.40D+08   1
  208 2.26D-01 5.10D+06 1.97D+03 6.14D+06 8.74D-05 2.33D+00 6.98D+05 1.34D+00 0.00D+00 3.04D+05 0.00D+00 9.98D-01 1.41D+08   1
  209 2.57D-01 5.14D+06 2.00D+03 6.51D+06 9.15D-05 2.33D+00 7.07D+05 1.33D+00 0.00D+00 3.02D+05 0.00D+00 9.99D-01 1.42D+08   1
  210 2.91D-01 5.18D+06 2.02D+03 6.92D+06 9.59D-05 2.33D+00 7.16D+05 1.33D+00 0.00D+00 3.00D+05 0.00D+00 1.00D+00 1.43D+08   1
  211 3.31D-01 5.23D+06 2.05D+03 7.37D+06 1.01D-04 2.33D+00 7.24D+05 1.33D+00 0.00D+00 2.98D+05 0.00D+00 1.00D+00 1.44D+08   1
  212 3.76D-01 5.28D+06 2.07D+03 7.87D+06 1.07D-04 2.33D+00 7.32D+05 1.33D+00 0.00D+00 2.96D+05 0.00D+00 1.00D+00 1.44D+08   1
  213 4.27D-01 5.33D+06 2.09D+03 8.42D+06 1.13D-04 2.33D+00 7.39D+05 1.33D+00 0.00D+00 2.92D+05 0.00D+00 1.00D+00 1.45D+08   1
  214 4.84D-01 5.38D+06 2.10D+03 9.04D+06 1.20D-04 2.33D+00 7.45D+05 1.33D+00 0.00D+00 2.91D+05 0.00D+00 1.00D+00 1.46D+08   1
  215 5.50D-01 5.43D+06 2.12D+03 9.73D+06 1.28D-04 2.33D+00 7.51D+05 1.32D+00 0.00D+00 2.90D+05 0.00D+00 1.00D+00 1.46D+08   1
  216 6.24D-01 5.49D+06 2.14D+03 1.05D+07 1.38D-04 2.33D+00 7.57D+05 1.32D+00 0.00D+00 2.90D+05 0.00D+00 1.00D+00 1.47D+08   1
  217 7.09D-01 5.55D+06 2.15D+03 1.13D+07 1.48D-04 2.33D+00 7.62D+05 1.32D+00 0.00D+00 2.89D+05 0.00D+00 1.00D+00 1.47D+08   1
  218 8.04D-01 5.61D+06 2.16D+03 1.23D+07 1.59D-04 2.33D+00 7.67D+05 1.32D+00 0.00D+00 2.89D+05 0.00D+00 1.00D+00 1.47D+08   1
  219 9.13D-01 5.68D+06 2.18D+03 1.33D+07 1.72D-04 2.33D+00 7.71D+05 1.32D+00 0.00D+00 2.90D+05 0.00D+00 1.00D+00 1.48D+08   1
  220 1.04D+00 5.74D+06 2.19D+03 1.45D+07 1.85D-04 2.33D+00 7.76D+05 1.32D+00 0.00D+00 2.89D+05 0.00D+00 1.00D+00 1.48D+08   1
  221 1.18D+00 5.81D+06 2.20D+03 1.58D+07 2.01D-04 2.33D+00 7.79D+05 1.32D+00 0.00D+00 2.91D+05 0.00D+00 1.00D+00 1.48D+08   1
  222 1.34D+00 5.88D+06 2.22D+03 1.72D+07 2.17D-04 2.33D+00 7.85D+05 1.32D+00 0.00D+00 2.91D+05 0.00D+00 1.00D+00 1.49D+08   1
  223 1.52D+00 5.95D+06 2.23D+03 1.88D+07 2.37D-04 2.33D+00 7.88D+05 1.32D+00 0.00D+00 2.93D+05 0.00D+00 1.00D+00 1.49D+08   1
  224 1.72D+00 6.02D+06 2.25D+03 2.05D+07 2.56D-04 2.33D+00 7.95D+05 1.32D+00 0.00D+00 2.95D+05 0.00D+00 1.00D+00 1.49D+08   1
  225 1.96D+00 6.09D+06 2.26D+03 2.24D+07 2.79D-04 2.33D+00 7.99D+05 1.32D+00 0.00D+00 2.96D+05 0.00D+00 1.00D+00 1.49D+08   1
  226 2.22D+00 6.16D+06 2.28D+03 2.45D+07 3.02D-04 2.33D+00 8.07D+05 1.31D+00 0.00D+00 2.98D+05 0.00D+00 1.00D+00 1.50D+08   1
  227 2.52D+00 6.23D+06 2.29D+03 2.68D+07 3.28D-04 2.33D+00 8.11D+05 1.31D+00 0.00D+00 3.01D+05 0.00D+00 1.00D+00 1.50D+08   1
  228 2.86D+00 6.31D+06 2.32D+03 2.93D+07 3.54D-04 2.33D+00 8.21D+05 1.31D+00 0.00D+00 3.04D+05 0.00D+00 1.01D+00 1.51D+08   1
  229 3.25D+00 6.38D+06 2.33D+03 3.20D+07 3.84D-04 2.33D+00 8.26D+05 1.31D+00 0.00D+00 3.08D+05 0.00D+00 1.01D+00 1.52D+08   1
  230 3.69D+00 6.45D+06 2.36D+03 3.49D+07 4.14D-04 2.33D+00 8.37D+05 1.31D+00 0.00D+00 3.11D+05 0.00D+00 1.01D+00 1.53D+08   1
  231 4.19D+00 6.52D+06 2.38D+03 3.80D+07 4.47D-04 2.33D+00 8.44D+05 1.31D+00 0.00D+00 3.16D+05 0.00D+00 1.01D+00 1.53D+08   1
  232 4.76D+00 6.60D+06 2.42D+03 4.13D+07 4.78D-04 2.33D+00 8.57D+05 1.30D+00 0.00D+00 3.21D+05 0.00D+00 1.01D+00 1.55D+08   1
  233 5.40D+00 6.67D+06 2.44D+03 4.49D+07 5.14D-04 2.33D+00 8.66D+05 1.30D+00 0.00D+00 3.24D+05 0.00D+00 1.01D+00 1.56D+08   1
  234 6.13D+00 6.74D+06 2.48D+03 4.85D+07 5.47D-04 2.33D+00 8.80D+05 1.30D+00 0.00D+00 3.27D+05 0.00D+00 1.01D+00 1.58D+08   1
  235 6.96D+00 6.80D+06 2.51D+03 5.24D+07 5.85D-04 2.33D+00 8.90D+05 1.30D+00 0.00D+00 3.26D+05 0.00D+00 1.01D+00 1.59D+08   1
  236 7.90D+00 6.87D+06 2.54D+03 5.65D+07 6.22D-04 2.33D+00 9.01D+05 1.29D+00 0.00D+00 3.34D+05 0.00D+00 1.02D+00 1.60D+08   1
  237 8.97D+00 6.94D+06 2.58D+03 6.07D+07 6.59D-04 2.33D+00 9.14D+05 1.29D+00 0.00D+00 3.41D+05 0.00D+00 1.02D+00 1.62D+08   1
  238 1.02D+01 7.00D+06 2.61D+03 6.50D+07 6.95D-04 2.33D+00 9.28D+05 1.29D+00 0.00D+00 3.47D+05 0.00D+00 1.02D+00 1.64D+08   1
  239 1.16D+01 7.06D+06 2.65D+03 6.94D+07 7.31D-04 2.32D+00 9.41D+05 1.28D+00 0.00D+00 3.54D+05 0.00D+00 1.02D+00 1.66D+08   1
  240 1.31D+01 7.12D+06 2.69D+03 7.38D+07 7.66D-04 2.32D+00 9.56D+05 1.28D+00 0.00D+00 3.63D+05 0.00D+00 1.03D+00 1.69D+08   1
  241 1.49D+01 7.18D+06 2.74D+03 7.83D+07 7.99D-04 2.32D+00 9.72D+05 1.27D+00 0.00D+00 3.70D+05 0.00D+00 1.03D+00 1.72D+08   1
  242 1.69D+01 7.23D+06 2.78D+03 8.27D+07 8.31D-04 2.32D+00 9.88D+05 1.27D+00 0.00D+00 3.79D+05 0.00D+00 1.03D+00 1.75D+08   1
  243 1.92D+01 7.28D+06 2.83D+03 8.71D+07 8.60D-04 2.32D+00 1.00D+06 1.26D+00 0.00D+00 3.92D+05 0.00D+00 1.04D+00 1.78D+08   1
  244 2.18D+01 7.33D+06 2.87D+03 9.14D+07 8.88D-04 2.32D+00 1.02D+06 1.26D+00 0.00D+00 4.00D+05 0.00D+00 1.04D+00 1.82D+08   1
  245 2.48D+01 7.38D+06 2.92D+03 9.56D+07 9.14D-04 2.32D+00 1.04D+06 1.25D+00 0.00D+00 4.10D+05 0.00D+00 1.05D+00 1.86D+08   1
  246 2.81D+01 7.42D+06 2.96D+03 9.97D+07 9.37D-04 2.32D+00 1.06D+06 1.25D+00 7.03D+02 3.97D+05 4.52D-09 1.06D+00 1.90D+08   1
  247 3.19D+01 7.47D+06 2.99D+03 1.04D+08 9.68D-04 2.31D+00 1.06D+06 1.25D+00 9.48D+02 3.68D+05 8.23D-08 1.06D+00 1.92D+08   0
  248 3.62D+01 7.51D+06 3.01D+03 1.08D+08 1.00D-03 2.31D+00 1.07D+06 1.24D+00 1.09D+03 3.69D+05 3.76D-07 1.06D+00 1.94D+08   0
  249 4.11D+01 7.56D+06 3.04D+03 1.13D+08 1.03D-03 2.31D+00 1.08D+06 1.24D+00 1.18D+03 3.71D+05 1.02D-06 1.06D+00 1.96D+08   0
  250 4.67D+01 7.60D+06 3.06D+03 1.17D+08 1.07D-03 2.31D+00 1.09D+06 1.24D+00 1.24D+03 3.72D+05 2.12D-06 1.07D+00 1.98D+08   0
  251 5.30D+01 7.65D+06 3.09D+03 1.22D+08 1.10D-03 2.31D+00 1.10D+06 1.24D+00 1.29D+03 3.73D+05 3.70D-06 1.07D+00 2.00D+08   0
  252 6.02D+01 7.69D+06 3.11D+03 1.28D+08 1.14D-03 2.31D+00 1.11D+06 1.24D+00 1.33D+03 3.75D+05 5.77D-06 1.07D+00 2.01D+08   0
  253 6.83D+01 7.74D+06 3.13D+03 1.33D+08 1.18D-03 2.31D+00 1.12D+06 1.24D+00 1.35D+03 3.76D+05 8.28D-06 1.08D+00 2.03D+08   0
  254 7.76D+01 7.78D+06 3.16D+03 1.38D+08 1.22D-03 2.31D+00 1.13D+06 1.23D+00 1.37D+03 3.77D+05 1.12D-05 1.08D+00 2.05D+08   0
  255 8.81D+01 7.83D+06 3.18D+03 1.44D+08 1.26D-03 2.31D+00 1.14D+06 1.23D+00 1.38D+03 3.79D+05 1.44D-05 1.08D+00 2.07D+08   0
  256 1.00D+02 7.88D+06 3.21D+03 1.50D+08 1.30D-03 2.31D+00 1.15D+06 1.23D+00 1.39D+03 3.80D+05 1.79D-05 1.09D+00 2.09D+08   0
  !
  ! Element abundances for each Z.
 0.90977825E+00  0.88906917E-01  0.18575288E-08  0.12850959E-10  0.36218924E-09  0.32280150E-03  0.84905446E-04  0.67442793E-03 
 0.33032052E-07  0.10937940E-03  0.19450714E-05  0.34588804E-04  0.26849460E-05  0.32280150E-04  0.25641035E-06  0.14754875E-04 
 0.28769714E-06  0.30125589E-05  0.11993213E-06  0.20841816E-05  0.13456606E-08  0.95265477E-07  0.90977825E-08  0.42553526E-06 
 0.22332408E-06  0.28769714E-04  0.75672059E-07  0.16178399E-05  0.14754875E-07  0.36218924E-07  0.69013738E-09  0.15450251E-08 
 0.36218924E-09  0.72266255E-09  0.15810134E-09  0.36218924E-09  0.23929606E-10  0.12272571E-09  0.15098561E-10  0.11993213E-10 
 0.00000000E+00

