 ! Model parameters: Teff:
    2411.000
 !
 ! Number of atmosphere layers:
  53

#Layer,Longitude,Latitude,P(bar),T(K),U(m/s),V(m/s),W(Pa/s),W(m/s)

1,-180,0,2.4156e-06,668.47,10811,-140.02,-1.3288e-06,0.071886
2,-180,0,3.4196e-06,672.2,11218,-154.32,-4.7696e-06,0.18329
3,-180,0,4.8408e-06,671.51,11263,-135.38,-8.6952e-06,0.2358
4,-180,0,6.8526e-06,672.67,11229,-152.3,-1.5735e-05,0.30196
5,-180,0,9.7006e-06,674.57,11180,-138.65,-2.4264e-05,0.32985
6,-180,0,1.3732e-05,677.5,11123,-106.77,-3.82e-05,0.36843
7,-180,0,1.944e-05,682.22,11085,-106.08,-5.6801e-05,0.38968
8,-180,0,2.7519e-05,688.43,11036,-106.88,-7.4668e-05,0.36516
9,-180,0,3.8956e-05,696.2,10991,-119.3,-0.00010905,0.38099
10,-180,0,5.5146e-05,705.82,10930,-119.24,-0.00015204,0.38041
11,-180,0,7.8066e-05,717.92,10870,-86.378,-0.00021789,0.39171
12,-180,0,0.00011051,733.16,10765,-80.713,-0.00028715,0.37241
13,-180,0,0.00015644,751.35,10670,-47.727,-0.00039319,0.36916
14,-180,0,0.00022146,771.98,10543,-57.848,-0.00056302,0.38367
15,-180,0,0.0003135,793.5,10377,-24.674,-0.00080505,0.39834
16,-180,0,0.00044379,814.92,10177,-56.668,-0.0011783,0.42297
17,-180,0,0.00062823,834.26,9965,-21.848,-0.0018133,0.47074
18,-180,0,0.00088933,851.42,9753,-38.202,-0.0029867,0.55897
19,-180,0,0.0012589,867.65,9565.9,-8.7578,-0.0050195,0.67628
20,-180,0,0.0017822,883.73,9339.6,-32.161,-0.0085903,0.83272
21,-180,0,0.0025229,901.21,9202.3,-12.011,-0.014499,1.0125
22,-180,0,0.0035714,918.97,9088.6,-12.444,-0.024444,1.2296
23,-180,0,0.0050557,937.31,9103.8,2.9969,-0.040167,1.4558
24,-180,0,0.0071569,956.37,9137.7,-2.429,-0.064849,1.6941
25,-180,0,0.010131,978,9259.9,12.195,-0.10106,1.9071
26,-180,0,0.014342,1004.1,9446.8,7.2628,-0.15262,2.0887
27,-180,0,0.020303,1036.1,9633.8,19.431,-0.22016,2.1964
28,-180,0,0.028741,1074.4,9796.6,31.331,-0.30319,2.2157
29,-180,0,0.040686,1119.7,9911.6,37.624,-0.4037,2.1719
30,-180,0,0.057595,1171.8,9961.6,46.849,-0.52491,2.0878
31,-180,0,0.081532,1228.9,9953.6,56.103,-0.66894,1.971
32,-180,0,0.11542,1289.2,9881.6,70.209,-0.83879,1.8316
33,-180,0,0.16339,1356.6,9764.4,78.634,-1.0422,1.6918
34,-180,0,0.23129,1434.3,9605.6,85.731,-1.299,1.5747
35,-180,0,0.32742,1520.3,9413.4,88.562,-1.6329,1.4822
36,-180,0,0.4635,1614.6,9160.5,89.614,-2.0814,1.4174
37,-180,0,0.65613,1716.8,8853.6,88.737,-2.6714,1.3664
38,-180,0,0.92882,1826.8,8516.4,87.807,-3.3662,1.2942
39,-180,0,1.3148,1947.2,8162.1,87.575,-3.9923,1.1558
40,-180,0,1.8613,2068.7,7800.7,87.279,-4.1562,0.90299
41,-180,0,2.6349,2176.4,7435.8,84.392,-3.0997,0.50051
42,-180,0,3.73,2261.6,7038.7,76.705,0.22056,-0.026143
43,-180,0,5.2802,2325.3,6532.9,63.398,6.1187,-0.52676
44,-180,0,7.4747,2384.2,5897.6,46.914,13.186,-0.82222
45,-180,0,10.581,2473.2,5153.3,31.195,20.321,-0.92853
46,-180,0,14.979,2581.2,4419.9,15.451,27.744,-0.9346
47,-180,0,21.204,2698.4,3789.8,1.858,32.653,-0.81233
48,-180,0,30.017,2816.4,3256.3,-3.9536,25.75,-0.47231
49,-180,0,42.492,2873.5,2623.5,-7.9032,-6.8046,0.089956
50,-180,0,60.152,2851,1776.8,-6.3297,-8.684,0.08046
51,-180,0,85.152,2777.6,618.06,6.4766,3.4445,-0.021965
52,-180,0,120.54,2769.4,-299.03,-6.7801,0.68143,-0.0030605
53,-180,0,170.64,2961.6,-681.29,1.9235,0.042333,-0.00014363
 
1,-180,45,2.4156e-06,635.67,-13311,-3113,2.705e-05,-1.3915
2,-180,45,3.4196e-06,654.99,-13393,-2483.3,6.4198e-05,-2.4039
3,-180,45,4.8408e-06,661.17,-12561,-1854.7,0.00011702,-3.1245
4,-180,45,6.8526e-06,667.96,-12682,-1795.6,0.00018316,-3.4902
5,-180,45,9.7006e-06,671.51,-11943,-1235.8,0.00028207,-3.8171
6,-180,45,1.3732e-05,676.07,-12108,-1183.8,0.00040481,-3.896
7,-180,45,1.944e-05,678.2,-11221,-685.01,0.00058692,-4.0028
8,-180,45,2.7519e-05,682.28,-11379,-661.2,0.00083237,-4.0343
9,-180,45,3.8956e-05,684.19,-10255,-212.56,0.0011765,-4.0395
10,-180,45,5.5146e-05,689.98,-10331,-216.53,0.0016874,-4.1272
11,-180,45,7.8066e-05,694.87,-9014,124.69,0.0023345,-4.0623
12,-180,45,0.00011051,704.22,-8663.3,168,0.0032879,-4.0958
13,-180,45,0.00015644,713.49,-7403,365.65,0.004474,-3.9889
14,-180,45,0.00022146,724.79,-6856.8,336.06,0.0060803,-3.8902
15,-180,45,0.0003135,734.18,-5828.6,397.88,0.0078451,-3.5916
16,-180,45,0.00044379,740.8,-5391.8,351.52,0.0099789,-3.2563
17,-180,45,0.00062823,741.15,-4578.3,360.07,0.012024,-2.7731
18,-180,45,0.00088933,733.28,-4088.2,316.21,0.014015,-2.2591
19,-180,45,0.0012589,718.36,-3451,269.51,0.015117,-1.6862
20,-180,45,0.0017822,698.64,-2893.7,156.71,0.014474,-1.1092
21,-180,45,0.0025229,679.73,-2368.2,52.271,0.012115,-0.63811
22,-180,45,0.0035714,664.92,-2114.4,-18.008,0.0090682,-0.33004
23,-180,45,0.0050557,654.9,-1934.4,-25.379,0.0062504,-0.15828
24,-180,45,0.0071569,648.33,-1726.1,-73.543,0.0013835,-0.0245
25,-180,45,0.010131,648.16,-1607.2,-83.796,-0.0066005,0.082548
26,-180,45,0.014342,656.08,-1464.9,-109.55,-0.011155,0.099752
27,-180,45,0.020303,670.38,-1337.7,-103.26,-0.013473,0.086965
28,-180,45,0.028741,689.82,-1178.3,-121.86,-0.015028,0.070509
29,-180,45,0.040686,713.33,-999.22,-134.69,-0.016087,0.055136
30,-180,45,0.057595,742.32,-854.89,-147.69,-0.021424,0.053979
31,-180,45,0.081532,777.78,-705.01,-157.52,-0.0050844,0.0094818
32,-180,45,0.11542,820.65,-572.57,-182.2,0.012145,-0.016882
33,-180,45,0.16339,870.07,-508.26,-196.4,0.033226,-0.03459
34,-180,45,0.23129,925.62,-459.17,-209.76,0.068829,-0.053848
35,-180,45,0.32742,988.11,-425.29,-215.9,0.086032,-0.050756
36,-180,45,0.4635,1056.2,-409.3,-217.85,0.13329,-0.059376
37,-180,45,0.65613,1128.3,-394.84,-197.47,0.19036,-0.063993
38,-180,45,0.92882,1204,-374.13,-183.77,0.2865,-0.072602
39,-180,45,1.3148,1281,-355.93,-168.45,0.40466,-0.077069
40,-180,45,1.8613,1359.5,-325.47,-151.93,0.6035,-0.086173
41,-180,45,2.6349,1441.2,-293.64,-143.42,0.99301,-0.10618
42,-180,45,3.73,1524,-269.32,-136.94,1.1979,-0.095676
43,-180,45,5.2802,1608.4,-253.04,-116.31,1.2734,-0.075831
44,-180,45,7.4747,1691.9,-240.03,-94.32,1.4819,-0.065571
45,-180,45,10.581,1765.2,-240.81,-70.047,1.5759,-0.051396
46,-180,45,14.979,1820.8,-256.5,-44.212,1.7134,-0.040716
47,-180,45,21.204,1859.5,-279.84,-24.464,1.9224,-0.032956
48,-180,45,30.017,1904.2,-308.35,-12.029,1.7051,-0.021146
49,-180,45,42.492,2011.1,-327.95,-5.7725,1.2904,-0.011939
50,-180,45,60.152,2194.3,-336.16,-4.596,0.69836,-0.0049802
51,-180,45,85.152,2418,-341.62,-3.1989,0.096102,-0.00053349
52,-180,45,120.54,2668.3,-343.82,-3.0761,-0.18328,0.0007931
53,-180,45,170.64,2945,-344.54,-0.63724,0.067639,-0.00022821
 
1,-135,0,2.4156e-06,619.89,7757.6,-71.738,6.5539e-06,-0.32878
2,-135,0,3.4196e-06,626.07,6975.5,-27.236,2.029e-05,-0.72621
3,-135,0,4.8408e-06,629.23,8176.3,-98.854,4.0329e-05,-1.0248
4,-135,0,6.8526e-06,633.57,7215.3,-38.162,7.5933e-05,-1.3724
5,-135,0,9.7006e-06,638.36,8628.3,-94.725,0.00011433,-1.4708
6,-135,0,1.3732e-05,643.27,7749.7,-66.885,0.00018114,-1.6587
7,-135,0,1.944e-05,649.57,9162.9,-109.64,0.00024471,-1.5985
8,-135,0,2.7519e-05,656.39,8719.5,-103.06,0.00037713,-1.7585
9,-135,0,3.8956e-05,665.51,9808.2,-122.13,0.00049859,-1.6651
10,-135,0,5.5146e-05,674.84,10010,-136.45,0.00065775,-1.5735
11,-135,0,7.8066e-05,685.51,10508,-131.79,0.00083577,-1.4347
12,-135,0,0.00011051,697.37,10582,-136.48,0.00099298,-1.225
13,-135,0,0.00015644,711.49,10799,-115.29,0.0010387,-0.92348
14,-135,0,0.00022146,727.48,10675,-136.33,0.0010067,-0.64645
15,-135,0,0.0003135,744.08,10614,-129.29,0.00083727,-0.38849
16,-135,0,0.00044379,760.68,10423,-146.74,0.00051448,-0.17239
17,-135,0,0.00062823,776.63,10213,-150.18,-9.0487e-05,0.021868
18,-135,0,0.00088933,791.49,10006,-152.87,-0.0011244,0.19562
19,-135,0,0.0012589,805.42,9820.4,-146.95,-0.0028091,0.35132
20,-135,0,0.0017822,820.61,9614.5,-157.93,-0.0057269,0.5155
21,-135,0,0.0025229,837.82,9506.5,-147.33,-0.010169,0.66015
22,-135,0,0.0035714,855.59,9437.4,-151.01,-0.017409,0.81531
23,-135,0,0.0050557,873.48,9485.3,-148.05,-0.028427,0.96011
24,-135,0,0.0071569,891.93,9563.4,-149.22,-0.044541,1.0851
25,-135,0,0.010131,911.97,9735.5,-138.52,-0.065867,1.159
26,-135,0,0.014342,935.04,9905,-133.07,-0.093726,1.1945
27,-135,0,0.020303,962.5,10021,-122.49,-0.12649,1.1723
28,-135,0,0.028741,994.52,10102,-114.78,-0.16331,1.1047
29,-135,0,0.040686,1032.2,10129,-107,-0.20258,1.0047
30,-135,0,0.057595,1076.9,10111,-94.366,-0.23941,0.87512
31,-135,0,0.081532,1126.7,10047,-80.831,-0.26862,0.72566
32,-135,0,0.11542,1181.3,9938.7,-66.152,-0.27892,0.55809
33,-135,0,0.16339,1243.2,9794.4,-54.568,-0.25654,0.38158
34,-135,0,0.23129,1315.1,9623.7,-42.572,-0.18093,0.20111
35,-135,0,0.32742,1396.7,9420.1,-33.121,-0.024886,0.020753
36,-135,0,0.4635,1486.1,9160,-24.48,0.22779,-0.14278
37,-135,0,0.65613,1582.7,8848.1,-17.567,0.6086,-0.28698
38,-135,0,0.92882,1689.5,8504.8,-10.762,1.1992,-0.42643
39,-135,0,1.3148,1809.7,8143.1,-4.3361,2.1683,-0.5834
40,-135,0,1.8613,1949.7,7780.2,0.27106,3.8098,-0.78013
41,-135,0,2.6349,2106.1,7426.9,1.3536,6.5799,-1.0282
42,-135,0,3.73,2257.2,7071.9,-6.347,10.671,-1.2624
43,-135,0,5.2802,2387.3,6676.5,-20.082,14.613,-1.2916
44,-135,0,7.4747,2486.5,6201.4,-31.433,15.93,-1.0359
45,-135,0,10.581,2569.3,5538.3,-33.983,12.512,-0.59391
46,-135,0,14.979,2655.4,4751.1,-28.244,5.8111,-0.20138
47,-135,0,21.204,2751.4,4021.7,-20.084,-4.6159,0.11709
48,-135,0,30.017,2830.7,3355.2,-8.2785,-17.605,0.32455
49,-135,0,42.492,2842,2602.2,-1.0518,-14.781,0.19326
50,-135,0,60.152,2814.5,1660,-14.914,6.1945,-0.056661
51,-135,0,85.152,2768.2,607.5,11.188,-1.8066,0.011481
52,-135,0,120.54,2759,-348.71,-17.551,-9.326,0.041729
53,-135,0,170.64,2960.7,-636.32,10.138,-0.27874,0.00094546
 
1,-135,45,2.4156e-06,729.79,-15249,1420.1,4.7039e-06,-0.27781
2,-135,45,3.4196e-06,736.28,-14923,1585.2,1.3378e-05,-0.56311
3,-135,45,4.8408e-06,734.61,-14547,1724.8,2.4619e-05,-0.73036
4,-135,45,6.8526e-06,735.46,-14145,1837.7,4.2935e-05,-0.90082
5,-135,45,9.7006e-06,737.26,-13837,1949.8,7.2512e-05,-1.0773
6,-135,45,1.3732e-05,739.78,-13500,2038.2,0.00011197,-1.1792
7,-135,45,1.944e-05,743.3,-13159,2121.6,0.00017356,-1.2973
8,-135,45,2.7519e-05,748.16,-12786,2184.2,0.00026212,-1.3931
9,-135,45,3.8956e-05,755,-12436,2265.1,0.00041337,-1.5661
10,-135,45,5.5146e-05,764.23,-12039,2307,0.00061961,-1.6786
11,-135,45,7.8066e-05,776.21,-11600,2360.2,0.00095244,-1.8513
12,-135,45,0.00011051,791.73,-11255,2391.2,0.0014366,-2.012
13,-135,45,0.00015644,810.14,-10939,2420.2,0.0020945,-2.1204
14,-135,45,0.00022146,830.81,-10532,2451.6,0.003025,-2.2185
15,-135,45,0.0003135,852.07,-10204,2477.4,0.0043906,-2.3328
16,-135,45,0.00044379,872.5,-9806.3,2513.9,0.0061951,-2.381
17,-135,45,0.00062823,890.61,-9347.2,2546,0.0088781,-2.4604
18,-135,45,0.00088933,906.39,-8988.7,2591.2,0.012136,-2.4179
19,-135,45,0.0012589,918.9,-8408.3,2655,0.01585,-2.2616
20,-135,45,0.0017822,929.51,-7840,2690.1,0.02041,-2.081
21,-135,45,0.0025229,938.1,-7038.8,2730.6,0.024606,-1.7886
22,-135,45,0.0035714,940.79,-6225.2,2616.3,0.028458,-1.4655
23,-135,45,0.0050557,933.97,-5342.4,2384.4,0.028674,-1.0355
24,-135,45,0.0071569,917.68,-4538.2,2013.5,0.024943,-0.62523
25,-135,45,0.010131,893.21,-3844,1540,0.019152,-0.33009
26,-135,45,0.014342,870.34,-3435,1167.2,0.014019,-0.16631
27,-135,45,0.020303,857.33,-3195,962.53,0.0148,-0.12217
28,-135,45,0.028741,853.48,-2897.2,801.68,0.01965,-0.11407
29,-135,45,0.040686,854.35,-2512.7,659.16,0.020825,-0.085488
30,-135,45,0.057595,861.84,-2193.6,561.93,0.023608,-0.069058
31,-135,45,0.081532,875.62,-1858.2,509.68,0.045036,-0.094551
32,-135,45,0.11542,895.9,-1472.1,416.59,0.059089,-0.089665
33,-135,45,0.16339,925.06,-1206.1,317.57,0.046554,-0.051526
34,-135,45,0.23129,962.86,-976.05,217.08,0.021153,-0.017214
35,-135,45,0.32742,1011,-766.83,116.47,-0.013179,0.0079548
36,-135,45,0.4635,1069.4,-616.6,24.122,-0.075398,0.034009
37,-135,45,0.65613,1135.3,-527.01,-37.867,-0.16914,0.057212
38,-135,45,0.92882,1205.6,-467.44,-59.43,-0.20431,0.051843
39,-135,45,1.3148,1277.6,-405.01,-60.6,-0.12283,0.023332
40,-135,45,1.8613,1350.7,-337.6,-61.106,0.076288,-0.010822
41,-135,45,2.6349,1425.1,-277.63,-65.793,0.23697,-0.025055
42,-135,45,3.73,1498.2,-233.83,-71.356,0.26936,-0.02115
43,-135,45,5.2802,1568.2,-210.75,-69.78,0.19859,-0.01153
44,-135,45,7.4747,1632.5,-205.45,-64.259,0.21328,-0.0091063
45,-135,45,10.581,1689.9,-221.82,-54.902,0.37031,-0.011561
46,-135,45,14.979,1744.1,-253.94,-42.977,0.53389,-0.012153
47,-135,45,21.204,1798.7,-293.75,-28.886,0.36689,-0.006084
48,-135,45,30.017,1870.6,-323.54,-15.645,-0.10511,0.0012805
49,-135,45,42.492,2003.4,-338.52,-9.5725,-0.22509,0.0020746
50,-135,45,60.152,2194.1,-343.38,-10.406,-0.40003,0.0028525
51,-135,45,85.152,2418.9,-345.39,-10.076,-0.64746,0.0035954
52,-135,45,120.54,2669.1,-349.4,-9.1634,-0.91677,0.0039684
53,-135,45,170.64,2945.7,-349.77,-9.4246,-1.0871,0.0036684
 
1,-90,0,2.4156e-06,1959.4,2311.5,-70.506,6.3147e-06,-1.0013
2,-90,0,3.4196e-06,2009.9,617.33,-38.524,7.4517e-06,-0.8562
3,-90,0,4.8408e-06,1984,1083.5,-35.673,2.487e-05,-1.9926
4,-90,0,6.8526e-06,2074.1,-669.47,-101.52,2.0276e-05,-1.1997
5,-90,0,9.7006e-06,2036.2,-308.17,-9.0551,4.7212e-05,-1.9373
6,-90,0,1.3732e-05,2123.3,-1925,-114.51,5.5826e-05,-1.6874
7,-90,0,1.944e-05,2095.7,-1689.2,-33.233,0.00010413,-2.1946
8,-90,0,2.7519e-05,2160.4,-2764.6,-103.7,0.00011395,-1.7488
9,-90,0,3.8956e-05,2147.9,-2626.8,-88.314,0.00020524,-2.2122
10,-90,0,5.5146e-05,2197.9,-3346.3,-75.15,0.00020355,-1.5859
11,-90,0,7.8066e-05,2186,-2912.7,-54.091,0.00036878,-2.0187
12,-90,0,0.00011051,2236.3,-3391.3,-63.568,0.00042374,-1.6763
13,-90,0,0.00015644,2194.6,-2225.3,-16.748,0.00098337,-2.6967
14,-90,0,0.00022146,2240.7,-2541.2,2.9475,0.0014789,-2.9253
15,-90,0,0.0003135,2186.5,-1192.8,48.369,0.0033178,-4.5236
16,-90,0,0.00044379,2218.2,-1509.5,15.46,0.0052862,-5.1652
17,-90,0,0.00062823,2118.8,34.748,86.611,0.010644,-7.0181
18,-90,0,0.00088933,1937.6,750.88,47.121,0.019518,-8.3126
19,-90,0,0.0012589,1644.8,2709.4,66.083,0.037871,-9.6723
20,-90,0,0.0017822,1420.3,4169.9,99.431,0.068187,-10.623
21,-90,0,0.0025229,1267.5,6054.8,138.58,0.1099,-10.795
22,-90,0,0.0035714,1186.3,7407.6,130.65,0.16231,-10.539
23,-90,0,0.0050557,1142.7,8444.1,125.3,0.22291,-9.8488
24,-90,0,0.0071569,1117.7,9039.4,96.082,0.28854,-8.809
25,-90,0,0.010131,1095.4,9389.5,77.355,0.35801,-7.5672
26,-90,0,0.014342,1071.8,9702.3,45.933,0.42683,-6.2353
27,-90,0,0.020303,1052.6,9944.6,18.478,0.49547,-5.0219
28,-90,0,0.028741,1046.4,10115,-4.38,0.56822,-4.0441
29,-90,0,0.040686,1055.7,10198,-20.882,0.65184,-3.3063
30,-90,0,0.057595,1079.7,10190,-25.922,0.75635,-2.7717
31,-90,0,0.081532,1114.5,10121,-31.411,0.89103,-2.381
32,-90,0,0.11542,1156.7,10006,-33.182,1.0607,-2.0781
33,-90,0,0.16339,1208.2,9855.5,-37.484,1.2765,-1.8453
34,-90,0,0.23129,1271.1,9682.7,-38.468,1.5642,-1.6805
35,-90,0,0.32742,1345.2,9486.7,-39.153,1.9628,-1.5764
36,-90,0,0.4635,1429.7,9246.5,-36.662,2.4928,-1.5031
37,-90,0,0.65613,1522,8958.7,-34.167,3.141,-1.4243
38,-90,0,0.92882,1621.7,8633.7,-31.271,3.8651,-1.3192
39,-90,0,1.3148,1737.9,8275.3,-28.881,4.5855,-1.1849
40,-90,0,1.8613,1875.9,7905.3,-25.452,5.3227,-1.0487
41,-90,0,2.6349,2048.1,7534,-23.055,6.1715,-0.93778
42,-90,0,3.73,2233.5,7169.7,-27,6.1919,-0.7248
43,-90,0,5.2802,2401.4,6810,-31.386,3.3245,-0.29557
44,-90,0,7.4747,2519.1,6364,-32.269,-2.7682,0.18238
45,-90,0,10.581,2588.6,5647,-23.35,-9.7286,0.46526
46,-90,0,14.979,2645.6,4745.7,-9.3001,-13.624,0.47042
47,-90,0,21.204,2714.2,3938.8,-0.18867,-12.967,0.32448
48,-90,0,30.017,2769,3200.2,6.1972,-8.8209,0.15907
49,-90,0,42.492,2806.1,2498.5,6.5291,11.843,-0.15289
50,-90,0,60.152,2821.4,1671.6,14.946,3.9524,-0.03624
51,-90,0,85.152,2761,656.12,3.8481,-3.4164,0.021655
52,-90,0,120.54,2756.5,-307.62,-12.089,-7.5936,0.033945
53,-90,0,170.64,2962.7,-606,7.1383,-0.22113,0.00075053
 
1,-90,45,2.4156e-06,2311.8,-9726.4,5510.5,-6.9499e-05,13.002
2,-90,45,3.4196e-06,2326.2,-9682.7,5559.6,-0.00016215,21.564
3,-90,45,4.8408e-06,2328.8,-9404.9,5567,-0.00029051,27.322
4,-90,45,6.8526e-06,2340.2,-9266.4,5557.1,-0.00046634,31.133
5,-90,45,9.7006e-06,2351.3,-9087.5,5537.1,-0.00070739,33.519
6,-90,45,1.3732e-05,2363.6,-8951.8,5503.6,-0.0010353,34.835
7,-90,45,1.944e-05,2377.7,-8799.1,5462.7,-0.001482,35.435
8,-90,45,2.7519e-05,2396.8,-8674,5411.4,-0.0020866,35.528
9,-90,45,3.8956e-05,2413.3,-8541.5,5352.1,-0.0029005,35.126
10,-90,45,5.5146e-05,2433.1,-8426.3,5284.7,-0.0039893,34.408
11,-90,45,7.8066e-05,2454.9,-8308.6,5206.1,-0.0054388,33.434
12,-90,45,0.00011051,2471.4,-8203.5,5118.7,-0.0073479,32.123
13,-90,45,0.00015644,2488.3,-8092.7,5017.1,-0.009844,30.61
14,-90,45,0.00022146,2511.1,-7982.7,4907.5,-0.013064,28.959
15,-90,45,0.0003135,2529.6,-7866.4,4789.5,-0.017181,27.102
16,-90,45,0.00044379,2539.8,-7741.5,4670.6,-0.022354,25.01
17,-90,45,0.00062823,2543.2,-7606.5,4552.1,-0.028757,22.758
18,-90,45,0.00088933,2538.3,-7448.8,4434.9,-0.036402,20.31
19,-90,45,0.0012589,2463.6,-7246,4311.7,-0.045148,17.271
20,-90,45,0.0017822,2176.2,-6969.5,4173.2,-0.054962,13.12
21,-90,45,0.0025229,1959.1,-6602.6,4004.7,-0.066146,10.041
22,-90,45,0.0035714,1863.5,-6160.1,3797,-0.079128,8.0715
23,-90,45,0.0050557,1785.9,-5668.9,3538.7,-0.095217,6.5752
24,-90,45,0.0071569,1734.6,-5196.2,3230,-0.11731,5.5581
25,-90,45,0.010131,1691.3,-4782.6,2868.4,-0.14933,4.8734
26,-90,45,0.014342,1652.6,-4453.4,2474.1,-0.1968,4.4328
27,-90,45,0.020303,1621.7,-4190.2,2078.5,-0.26369,4.1174
28,-90,45,0.028741,1594.2,-3981.4,1726.4,-0.35502,3.8495
29,-90,45,0.040686,1565.2,-3792,1480.4,-0.46302,3.4821
30,-90,45,0.057595,1538.9,-3578.8,1307.8,-0.59557,3.111
31,-90,45,0.081532,1516.3,-3293.9,1160,-0.75315,2.7381
32,-90,45,0.11542,1494.8,-2930.9,1019.7,-0.93329,2.3629
33,-90,45,0.16339,1473.3,-2547.8,865.88,-1.1297,1.9915
34,-90,45,0.23129,1449.9,-2157.7,707.26,-1.3064,1.601
35,-90,45,0.32742,1425.4,-1764.5,547.43,-1.4224,1.2106
36,-90,45,0.4635,1403.7,-1388.8,392.24,-1.4455,0.8558
37,-90,45,0.65613,1391.1,-1055.3,248.97,-1.3849,0.57398
38,-90,45,0.92882,1393,-779.24,131.21,-1.2511,0.36681
39,-90,45,1.3148,1409.6,-560.8,41.443,-1.0942,0.22932
40,-90,45,1.8613,1436.5,-399.35,-22.5,-0.97263,0.14674
41,-90,45,2.6349,1468.9,-283.55,-58.679,-0.83237,0.090713
42,-90,45,3.73,1504,-210.84,-76.77,-0.54321,0.042818
43,-90,45,5.2802,1540,-188.48,-81.336,-0.39271,0.022391
44,-90,45,7.4747,1577.7,-200.54,-73.594,-0.38958,0.016075
45,-90,45,10.581,1619.8,-234.76,-61.192,-0.057008,0.001706
46,-90,45,14.979,1670.9,-276.15,-48.751,0.12973,-0.0028292
47,-90,45,21.204,1737.7,-312.62,-35.084,-0.10855,0.0017391
48,-90,45,30.017,1838.6,-335.02,-23.057,-0.88302,0.010574
49,-90,45,42.492,1994.2,-344.99,-16.013,-1.273,0.011679
50,-90,45,60.152,2191.8,-349.33,-15.313,-1.8583,0.013237
51,-90,45,85.152,2418.8,-350.69,-12.266,-1.9073,0.010591
52,-90,45,120.54,2669.6,-350.37,-9.961,-1.3192,0.0057112
53,-90,45,170.64,2946.4,-351.98,-10.164,-1.5318,0.0051705
 
1,-45,0,2.4156e-06,2807.3,554.2,72.089,-1.526e-05,3.4669
2,-45,0,3.4196e-06,2834.9,-408.84,68.221,-3.6925e-05,5.9842
3,-45,0,4.8408e-06,2855.3,-623.12,82.775,-7.4372e-05,8.5758
4,-45,0,6.8526e-06,2881.6,-1043.1,74.221,-0.00013502,11.099
5,-45,0,9.7006e-06,2910.1,-943.06,73.932,-0.00022868,13.411
6,-45,0,1.3732e-05,2937.4,-1037.2,66.423,-0.00037141,15.531
7,-45,0,1.944e-05,2973.2,-805.97,61.831,-0.00057873,17.303
8,-45,0,2.7519e-05,3009.3,-681.36,56.34,-0.00088385,18.894
9,-45,0,3.8956e-05,3040.3,-470.62,49.19,-0.0013246,20.209
10,-45,0,5.5146e-05,3073.8,-261.07,40.927,-0.0019595,21.351
11,-45,0,7.8066e-05,3114.9,-49.153,36.322,-0.0028674,22.366
12,-45,0,0.00011051,3157.3,185.75,26.461,-0.0041569,23.216
13,-45,0,0.00015644,3208,435.35,20.893,-0.0059793,23.969
14,-45,0,0.00022146,3260.9,697.94,12.695,-0.0085345,24.566
15,-45,0,0.0003135,3307.7,980.53,6.2281,-0.012094,24.945
16,-45,0,0.00044379,3351.8,1260,-2.2619,-0.017033,25.149
17,-45,0,0.00062823,3392.2,1559.1,-10.817,-0.023793,25.114
18,-45,0,0.00088933,3429.1,1854.8,-20.756,-0.032966,24.848
19,-45,0,0.0012589,3460.9,2149.4,-31.433,-0.04529,24.34
20,-45,0,0.0017822,3489.5,2440,-43.038,-0.061726,23.627
21,-45,0,0.0025229,3512.7,2728.5,-55.072,-0.08354,22.738
22,-45,0,0.0035714,3522.6,3032.4,-65.254,-0.11226,21.645
23,-45,0,0.0050557,3520.7,3375,-79.529,-0.14825,20.182
24,-45,0,0.0071569,3510.1,3720.5,-104.6,-0.19079,18.293
25,-45,0,0.010131,3472.9,4099,-125.21,-0.23891,16.009
26,-45,0,0.014342,3384.3,4528,-129.27,-0.28275,13.043
27,-45,0,0.020303,3263.1,4986.6,-144.06,-0.31944,10.036
28,-45,0,0.028741,3184.8,5669,-123.43,-0.32151,6.9646
29,-45,0,0.040686,3124.1,6405.2,-132.81,-0.27113,4.0699
30,-45,0,0.057595,3051,7204.3,-128.72,-0.12394,1.2835
31,-45,0,0.081532,2966.7,7856.6,-120.88,0.15893,-1.1305
32,-45,0,0.11542,2885.5,8316.1,-106.88,0.59834,-2.9243
33,-45,0,0.16339,2807.3,8658.7,-97.837,1.1863,-3.9847
34,-45,0,0.23129,2728.6,8888.9,-84.782,1.8785,-4.3321
35,-45,0,0.32742,2640.6,9015.3,-76.32,2.6505,-4.1788
36,-45,0,0.4635,2530.8,9050.2,-67.899,3.5283,-3.7661
37,-45,0,0.65613,2398.9,8990,-61.432,4.5118,-3.2247
38,-45,0,0.92882,2269.4,8842.6,-56.502,5.477,-2.6161
39,-45,0,1.3148,2177.1,8598.4,-53.074,6.0531,-1.9593
40,-45,0,1.8613,2137.2,8265.9,-47.935,5.9315,-1.3314
41,-45,0,2.6349,2156.2,7851,-43.003,4.7205,-0.75516
42,-45,0,3.73,2246.5,7402.8,-41.206,1.0774,-0.12685
43,-45,0,5.2802,2382.4,6939.7,-36.766,-5.5975,0.49373
44,-45,0,7.4747,2474.9,6299.2,-25.464,-12.292,0.79564
45,-45,0,10.581,2519.1,5375.1,-6.2127,-12.786,0.59508
46,-45,0,14.979,2577.3,4449.7,14.046,-3.4892,0.11736
47,-45,0,21.204,2672.4,3756.9,27.284,10.408,-0.25643
48,-45,0,30.017,2770.4,3161.6,31.859,20.002,-0.36089
49,-45,0,42.492,2852.1,2588.9,19.191,14.631,-0.19197
50,-45,0,60.152,2858.5,1813,-2.4809,-10.866,0.10094
51,-45,0,85.152,2748.7,545.12,-23.711,5.7414,-0.036231
52,-45,0,120.54,2767.6,-212.6,-7.2723,0.29023,-0.0013026
53,-45,0,170.64,2965,-624.82,5.4044,-0.0035177,1.1949e-05
 
1,-45,45,2.4156e-06,2809.3,-1541.3,5493.7,-4.3373e-06,0.98609
2,-45,45,3.4196e-06,2837.6,-1598.6,5542.7,-1.0278e-05,1.6674
3,-45,45,4.8408e-06,2860.2,-1370.9,5458.7,-1.8101e-05,2.0907
4,-45,45,6.8526e-06,2888.3,-1263.1,5426.2,-2.8885e-05,2.38
5,-45,45,9.7006e-06,2919,-1064.8,5354.6,-4.403e-05,2.5901
6,-45,45,1.3732e-05,2948.2,-919.4,5299,-6.5511e-05,2.7494
7,-45,45,1.944e-05,2986.7,-720.4,5220.1,-9.5474e-05,2.8676
8,-45,45,2.7519e-05,3021.4,-576.53,5153.1,-0.00013709,2.9424
9,-45,45,3.8956e-05,3053.2,-409.64,5067.4,-0.00019787,3.0317
10,-45,45,5.5146e-05,3088.1,-292.76,4993.3,-0.00028911,3.1648
11,-45,45,7.8066e-05,3130.6,-166.94,4904.5,-0.000425,3.3317
12,-45,45,0.00011051,3174.6,-81.981,4822.8,-0.00062464,3.5078
13,-45,45,0.00015644,3228.4,-8.082,4730.4,-0.00092274,3.7226
14,-45,45,0.00022146,3280.9,27.129,4647.3,-0.0013638,3.9499
15,-45,45,0.0003135,3329.5,38.451,4562,-0.002018,4.1897
16,-45,45,0.00044379,3376.2,18.982,4479.2,-0.0029958,4.4554
17,-45,45,0.00062823,3417,-27.928,4395.5,-0.004454,4.7359
18,-45,45,0.00088933,3451.6,-102.44,4316.6,-0.0066094,5.0146
19,-45,45,0.0012589,3480.4,-190.94,4240.8,-0.0097414,5.2646
20,-45,45,0.0017822,3502.6,-278.66,4170.7,-0.014184,5.4497
21,-45,45,0.0025229,3518.9,-349.84,4097.4,-0.020305,5.5364
22,-45,45,0.0035714,3520.9,-392.28,4007.1,-0.028493,5.4913
23,-45,45,0.0050557,3512,-401.72,3882.1,-0.039188,5.3217
24,-45,45,0.0071569,3486.2,-380.54,3709.5,-0.052969,5.044
25,-45,45,0.010131,3425.2,-334.48,3488.8,-0.070821,4.6805
26,-45,45,0.014342,3277.2,-274.82,3231.1,-0.094059,4.2015
27,-45,45,0.020303,3144.4,-228.96,2950.7,-0.12378,3.7475
28,-45,45,0.028741,3040.9,-214.68,2637,-0.16101,3.3302
29,-45,45,0.040686,2933.7,-244.17,2281.8,-0.20931,2.9505
30,-45,45,0.057595,2833.9,-338.9,1930.7,-0.27946,2.6881
31,-45,45,0.081532,2746.4,-493.3,1633.5,-0.38888,2.5608
32,-45,45,0.11542,2673.5,-677.79,1415.1,-0.56962,2.5794
33,-45,45,0.16339,2610.3,-835.36,1273.4,-0.84129,2.6275
34,-45,45,0.23129,2553.6,-934.67,1167,-1.2151,2.6225
35,-45,45,0.32742,2500.7,-973.17,1047.4,-1.6841,2.5145
36,-45,45,0.4635,2444.7,-980.07,904.68,-2.2564,2.3266
37,-45,45,0.65613,2378,-947.54,742.87,-2.9121,2.0633
38,-45,45,0.92882,2293.6,-883.78,577.57,-3.6198,1.7474
39,-45,45,1.3148,2178.3,-758.37,409.15,-4.2237,1.3679
40,-45,45,1.8613,2024.3,-609.17,262.94,-4.664,0.99158
41,-45,45,2.6349,1855.7,-455.05,159.33,-4.8346,0.66562
42,-45,45,3.73,1718.1,-338.1,97.897,-4.8097,0.43309
43,-45,45,5.2802,1639.9,-281.81,66.421,-4.7053,0.28568
44,-45,45,7.4747,1612.7,-271.74,46.761,-4.5385,0.19142
45,-45,45,10.581,1622.2,-284.91,30.752,-4.3971,0.13178
46,-45,45,14.979,1658.4,-303.9,17.828,-4.1794,0.090458
47,-45,45,21.204,1722.3,-318.17,10.142,-3.8479,0.061098
48,-45,45,30.017,1830.8,-329.14,5.6,-3.6259,0.043233
49,-45,45,42.492,1989.8,-338.68,3.1665,-3.5263,0.03228
50,-45,45,60.152,2188.4,-344.07,1.7691,-3.7654,0.02678
51,-45,45,85.152,2416,-346.95,3.1259,-3.4042,0.018881
52,-45,45,120.54,2667.5,-349.41,3.2204,-3.9416,0.017051
53,-45,45,170.64,2945,-347.38,4.5813,-0.81748,0.0027581
 
1,0,0,2.4156e-06,2813.3,45.542,34.078,-1.804e-05,4.1073
2,0,0,3.4196e-06,2837.1,7.2817,36.1,-4.4856e-05,7.2752
3,0,0,4.8408e-06,2859,109.1,35.945,-8.3497e-05,9.6404
4,0,0,6.8526e-06,2885.4,246.36,36.676,-0.00013822,11.378
5,0,0,9.7006e-06,2915.7,392.69,37.046,-0.00021505,12.636
6,0,0,1.3732e-05,2944.1,551.58,37.446,-0.00032261,13.521
7,0,0,1.944e-05,2983.1,718.26,38.73,-0.0004729,14.186
8,0,0,2.7519e-05,3018.3,891.5,39.809,-0.0006825,14.634
9,0,0,3.8956e-05,3050.3,1072,41.28,-0.00097481,14.922
10,0,0,5.5146e-05,3086.3,1263.2,42.918,-0.0013806,15.105
11,0,0,7.8066e-05,3129.6,1460.5,44.455,-0.0019427,15.224
12,0,0,0.00011051,3175.3,1666.1,45.979,-0.0027211,15.284
13,0,0,0.00015644,3230.5,1882.5,47.347,-0.0037976,15.33
14,0,0,0.00022146,3284,2108.7,48.723,-0.0052848,15.32
15,0,0,0.0003135,3334.2,2346.9,50.032,-0.0073381,15.257
16,0,0,0.00044379,3383,2593.7,51.371,-0.010168,15.152
17,0,0,0.00062823,3426.9,2852.8,52.691,-0.014066,14.999
18,0,0,0.00088933,3467.3,3124.9,53.889,-0.019453,14.826
19,0,0,0.0012589,3502.9,3412.8,54.702,-0.0269,14.632
20,0,0,0.0017822,3533,3719.7,55.025,-0.037179,14.409
21,0,0,0.0025229,3559.2,4043.8,54.56,-0.051259,14.137
22,0,0,0.0035714,3576.1,4379.1,52.836,-0.070361,13.773
23,0,0,0.0050557,3583.4,4727.5,49.657,-0.095943,13.294
24,0,0,0.0071569,3583.4,5093.9,45.475,-0.1298,12.705
25,0,0,0.010131,3568.6,5469.9,41.736,-0.17363,11.955
26,0,0,0.014342,3545.3,5846,37.742,-0.22892,11.063
27,0,0,0.020303,3486.1,6216.6,32.268,-0.29675,9.9611
28,0,0,0.028741,3387.9,6570.9,23.777,-0.37706,8.6889
29,0,0,0.040686,3329.2,6880.8,20.129,-0.4688,7.4991
30,0,0,0.057595,3306.1,7187.3,22.204,-0.56426,6.3318
31,0,0,0.081532,3282.7,7459.7,14.15,-0.65846,5.1827
32,0,0,0.11542,3253.9,7720.9,15.59,-0.74009,4.0788
33,0,0,0.16339,3219.8,8002.7,13.048,-0.79589,3.0662
34,0,0,0.23129,3187,8262.5,14.778,-0.81199,2.1873
35,0,0,0.32742,3154.6,8454.8,12.502,-0.7726,1.4552
36,0,0,0.4635,3109.6,8558.3,10.596,-0.63566,0.8337
37,0,0,0.65613,3035.6,8578.5,7.2507,-0.32432,0.29333
38,0,0,0.92882,2921.6,8533,3.3145,0.24817,-0.1526
39,0,0,1.3148,2766.2,8415.7,-2.1716,1.1219,-0.46141
40,0,0,1.8613,2579.8,8193,-6.6056,2.328,-0.63079
41,0,0,2.6349,2411.4,7843.4,-10.097,3.5334,-0.63216
42,0,0,3.73,2334.1,7407.4,-12.996,3.9871,-0.48773
43,0,0,5.2802,2366.5,6871.8,-10.986,4.1128,-0.36034
44,0,0,7.4747,2435.2,6144.9,-2.4327,7.4107,-0.47197
45,0,0,10.581,2506.3,5255.2,9.8322,16.382,-0.75854
46,0,0,14.979,2603.9,4473.6,17.148,25.173,-0.85547
47,0,0,21.204,2724.1,3896.9,11.016,22.314,-0.5604
48,0,0,30.017,2839.5,3370.4,-10.822,5.1636,-0.095489
49,0,0,42.492,2874.8,2679.4,-29.059,-19.839,0.26238
50,0,0,60.152,2808.3,1703.9,-31.28,8.2519,-0.075312
51,0,0,85.152,2750.3,401.34,8.0413,1.8815,-0.01188
52,0,0,120.54,2768.3,-299.61,-8.4089,-3.3269,0.014936
53,0,0,170.64,2964.1,-617.06,7.7416,0.038101,-0.00012938
 
1,0,45,2.4156e-06,2813.2,1984,3928.9,-1.2158e-06,0.2768
2,0,45,3.4196e-06,2843,2033.1,3922.3,-3.2145e-06,0.52244
3,0,45,4.8408e-06,2865.6,2164.4,3780.6,-5.0391e-06,0.58314
4,0,45,6.8526e-06,2894.8,2237,3708.6,-7.3328e-06,0.60555
5,0,45,9.7006e-06,2925.4,2352.2,3582.8,-9.5156e-06,0.56098
6,0,45,1.3732e-05,2956.8,2431.5,3488.3,-1.1245e-05,0.47334
7,0,45,1.944e-05,2994.2,2541,3348.5,-1.0002e-05,0.30116
8,0,45,2.7519e-05,3029,2625.8,3229.1,-5.8203e-06,0.12524
9,0,45,3.8956e-05,3062,2743.6,3059,9.9251e-06,-0.1525
10,0,45,5.5146e-05,3098.8,2841,2903.6,3.9788e-05,-0.43707
11,0,45,7.8066e-05,3142.3,2948.7,2721.7,9.6105e-05,-0.75623
12,0,45,0.00011051,3190.5,3037.8,2546.5,0.00018558,-1.0474
13,0,45,0.00015644,3244.8,3117.6,2362.3,0.00033306,-1.3505
14,0,45,0.00022146,3299.1,3172.2,2196.8,0.0005584,-1.6262
15,0,45,0.0003135,3351.5,3206.6,2037.6,0.00089191,-1.864
16,0,45,0.00044379,3401.7,3214.8,1898.6,0.0013736,-2.0582
17,0,45,0.00062823,3445.9,3196.2,1785.7,0.0020251,-2.1714
18,0,45,0.00088933,3484.5,3154.3,1704,0.002867,-2.1959
19,0,45,0.0012589,3515.7,3091.8,1660.5,0.0038848,-2.1207
20,0,45,0.0017822,3540.3,3012.6,1647.3,0.0050325,-1.9543
21,0,45,0.0025229,3560.8,2919.2,1652.7,0.0063204,-1.7439
22,0,45,0.0035714,3570.4,2819.6,1677.2,0.0077331,-1.5113
23,0,45,0.0050557,3570.3,2722,1692.5,0.0094654,-1.3067
24,0,45,0.0071569,3557.7,2624.3,1673.2,0.012014,-1.1675
25,0,45,0.010131,3538.1,2518.5,1600.5,0.016291,-1.1122
26,0,45,0.014342,3481.4,2396.4,1468.1,0.023799,-1.1294
27,0,45,0.020303,3361.8,2251.6,1281.6,0.037752,-1.222
28,0,45,0.028741,3260,2088.6,1083.9,0.063726,-1.4131
29,0,45,0.040686,3201.6,1891.5,879.46,0.10777,-1.6579
30,0,45,0.057595,3143.1,1604.9,668.32,0.15923,-1.6987
31,0,45,0.081532,3075.4,1219.4,510.15,0.1807,-1.3325
32,0,45,0.11542,3010.9,809.13,456.89,0.12588,-0.64193
33,0,45,0.16339,2957.8,453.07,490.67,-0.030554,0.10813
34,0,45,0.23129,2916.7,202.33,577.27,-0.27236,0.67143
35,0,45,0.32742,2884.4,47.71,638.41,-0.53678,0.92443
36,0,45,0.4635,2853.4,-91.047,632.97,-0.8052,0.96903
37,0,45,0.65613,2814.8,-259.94,594.29,-1.1681,0.97962
38,0,45,0.92882,2758.5,-437.74,566.02,-1.7105,0.9931
39,0,45,1.3148,2672.4,-591.09,546.62,-2.4509,0.97384
40,0,45,1.8613,2541,-703.07,518.93,-3.3024,0.88133
41,0,45,2.6349,2349.9,-781.4,472.29,-4.2538,0.74164
42,0,45,3.73,2099.1,-782.62,408.82,-5.1214,0.56343
43,0,45,5.2802,1881.3,-692.38,325.13,-5.4131,0.37703
44,0,45,7.4747,1777.4,-560.35,250.76,-5.3207,0.24733
45,0,45,10.581,1760.5,-442.76,179.03,-5.4413,0.17698
46,0,45,14.979,1782.1,-375.1,119.66,-5.2339,0.12173
47,0,45,21.204,1817.9,-335.35,69.233,-4.8883,0.081927
48,0,45,30.017,1879.2,-330.43,27.633,-4.3688,0.053468
49,0,45,42.492,2003.3,-335.15,9.8456,-3.4948,0.03221
50,0,45,60.152,2190.6,-340.78,3.3173,-3.2854,0.023389
51,0,45,85.152,2415,-342.51,1.4054,-2.7014,0.014977
52,0,45,120.54,2665.9,-344.35,1.6787,-1.8959,0.0081966
53,0,45,170.64,2943,-345.42,4.1116,0.14519,-0.00048951
 
1,45,0,2.4156e-06,2811.4,2793.3,-4.0139,-1.5091e-05,3.4335
2,45,0,3.4196e-06,2836,2963.5,-6.5792,-3.6261e-05,5.8788
3,45,0,4.8408e-06,2858.3,3074.1,-6.2064,-6.6018e-05,7.6205
4,45,0,6.8526e-06,2885.2,3182.5,-5.0253,-0.00010788,8.8796
5,45,0,9.7006e-06,2915.5,3290.6,-3.9179,-0.00016688,9.8046
6,45,0,1.3732e-05,2944.3,3399.8,-2.6214,-0.00024991,10.475
7,45,0,1.944e-05,2982.4,3512.8,-1.7371,-0.00036673,10.999
8,45,0,2.7519e-05,3017.9,3630.6,-1.0411,-0.00053103,11.385
9,45,0,3.8956e-05,3049.9,3753.7,-0.49375,-0.00076183,11.66
10,45,0,5.5146e-05,3085.2,3882.4,0.21735,-0.001086,11.877
11,45,0,7.8066e-05,3127.9,4018.9,1.1487,-0.0015413,12.072
12,45,0,0.00011051,3172.8,4166.5,2.3182,-0.0021811,12.241
13,45,0,0.00015644,3226.5,4328.4,3.4159,-0.0030803,12.42
14,45,0,0.00022146,3279.7,4508.3,4.3899,-0.0043418,12.57
15,45,0,0.0003135,3329.1,4705.3,4.5855,-0.0061074,12.678
16,45,0,0.00044379,3376.6,4918.8,4.8925,-0.008568,12.744
17,45,0,0.00062823,3419.3,5142.7,5.0025,-0.011992,12.759
18,45,0,0.00088933,3457.5,5378.6,5.5318,-0.016753,12.732
19,45,0,0.0012589,3490.6,5627.3,6.2906,-0.023359,12.661
20,45,0,0.0017822,3517.8,5884,7.0396,-0.03248,12.533
21,45,0,0.0025229,3540.1,6144.1,7.8423,-0.044994,12.342
22,45,0,0.0035714,3551,6406.8,8.5344,-0.062037,12.058
23,45,0,0.0050557,3551.5,6661.8,8.8542,-0.085087,11.685
24,45,0,0.0071569,3541.4,6903.8,8.9511,-0.11602,11.223
25,45,0,0.010131,3519.3,7128.1,8.5781,-0.15719,10.674
26,45,0,0.014342,3455.6,7327.8,8.2094,-0.2117,9.9716
27,45,0,0.020303,3342.4,7506,8.3921,-0.28343,9.1216
28,45,0,0.028741,3254.2,7672.9,9.521,-0.37634,8.3299
29,45,0,0.040686,3202.8,7826.2,10.163,-0.49472,7.6132
30,45,0,0.057595,3150.3,7972.8,9.416,-0.64292,6.8746
31,45,0,0.081532,3091,8112.4,9.7865,-0.82475,6.1124
32,45,0,0.11542,3037.2,8260.7,12.472,-1.0364,5.3315
33,45,0,0.16339,2997.4,8396.8,11.481,-1.2694,4.5524
34,45,0,0.23129,2973.1,8490.8,12.896,-1.5138,3.804
35,45,0,0.32742,2961.4,8534,10.643,-1.7617,3.1149
36,45,0,0.4635,2954.9,8521.2,9.4412,-1.9814,2.4694
37,45,0,0.65613,2944.5,8463.4,6.8623,-2.1099,1.851
38,45,0,0.92882,2918.7,8375,4.9016,-2.0574,1.2639
39,45,0,1.3148,2863.5,8249.5,3.5795,-1.6973,0.72261
40,45,0,1.8613,2766.4,8053.6,3.8952,-0.88582,0.25737
41,45,0,2.6349,2629.7,7771.1,3.5771,0.32301,-0.06302
42,45,0,3.73,2490.4,7405.9,-1.2163,1.4541,-0.18979
43,45,0,5.2802,2427.2,6937.3,-5.1458,3.1319,-0.28144
44,45,0,7.4747,2469.9,6292.6,-5.2015,6.9511,-0.44902
45,45,0,10.581,2563.2,5486.9,-3.3648,9.3707,-0.44376
46,45,0,14.979,2664.7,4720.1,-6.578,4.0483,-0.14079
47,45,0,21.204,2761.6,4055.5,-17.703,-7.1967,0.18323
48,45,0,30.017,2821.9,3359.2,-26.283,-9.2211,0.16947
49,45,0,42.492,2819.1,2520.1,-22.546,6.2757,-0.081393
50,45,0,60.152,2830,1612.2,-18.73,22.013,-0.20245
51,45,0,85.152,2804.7,757.8,11.617,-9.0049,0.057981
52,45,0,120.54,2773.2,-338.85,-1.3428,-10.839,0.04875
53,45,0,170.64,2965,-630.58,4.0539,0.18084,-0.00061427
 
1,45,45,2.4156e-06,2809.6,4919.3,529.84,4.6526e-06,-1.0579
2,45,45,3.4196e-06,2844.6,5038.4,473.15,1.1796e-05,-1.9182
3,45,45,4.8408e-06,2865.9,5032.8,330.25,2.3311e-05,-2.6979
4,45,45,6.8526e-06,2896,5052.9,207.88,4.0139e-05,-3.3162
5,45,45,9.7006e-06,2926.9,5030.7,36.592,6.8587e-05,-4.0455
6,45,45,1.3732e-05,2959.1,5010.6,-126.81,0.00010968,-4.6203
7,45,45,1.944e-05,2996.1,4953.3,-332.97,0.00018118,-5.459
8,45,45,2.7519e-05,3031.2,4911.1,-515.66,0.00028513,-6.1398
9,45,45,3.8956e-05,3064.5,4800.5,-767.39,0.00045427,-6.9859
10,45,45,5.5146e-05,3101.5,4679.9,-1013.5,0.00070595,-7.7615
11,45,45,7.8066e-05,3144.8,4488.8,-1296.9,0.0010889,-8.5753
12,45,45,0.00011051,3193.4,4298.6,-1561,0.0016403,-9.266
13,45,45,0.00015644,3247.4,4019.8,-1851.5,0.0024357,-9.884
14,45,45,0.00022146,3302.1,3717.4,-2091.1,0.0035183,-10.255
15,45,45,0.0003135,3354.7,3380.4,-2282.9,0.0048574,-10.161
16,45,45,0.00044379,3403.9,3061.3,-2398.2,0.0064092,-9.61
17,45,45,0.00062823,3445.9,2798.6,-2434.5,0.0080737,-8.657
18,45,45,0.00088933,3479.7,2602.6,-2409.6,0.0096762,-7.4012
19,45,45,0.0012589,3505.9,2468.7,-2350.2,0.011051,-6.0162
20,45,45,0.0017822,3525,2405.7,-2266,0.012254,-4.738
21,45,45,0.0025229,3539,2383.6,-2166.5,0.013117,-3.597
22,45,45,0.0035714,3541,2386.5,-2061.2,0.013726,-2.6604
23,45,45,0.0050557,3530.5,2397.8,-1954.9,0.014731,-2.011
24,45,45,0.0071569,3508.7,2374.6,-1827.9,0.015338,-1.47
25,45,45,0.010131,3455.9,2309.9,-1677.7,0.015026,-1.002
26,45,45,0.014342,3320.9,2179.9,-1524.4,0.014507,-0.65669
27,45,45,0.020303,3177.9,1987.4,-1381.4,0.011002,-0.33665
28,45,45,0.028741,3073.8,1787.6,-1237.6,-2.1657e-05,0.00045279
29,45,45,0.040686,2971,1577.5,-1067.2,-0.026348,0.37612
30,45,45,0.057595,2874.1,1367,-866.99,-0.09007,0.87866
31,45,45,0.081532,2791.8,1198.5,-668.51,-0.19336,1.2943
32,45,45,0.11542,2727.1,1058.7,-504.04,-0.29635,1.3689
33,45,45,0.16339,2677,918.77,-395.63,-0.33883,1.0853
34,45,45,0.23129,2638.3,733.03,-284.26,-0.3701,0.82528
35,45,45,0.32742,2608.6,524.4,-152.83,-0.48248,0.75145
36,45,45,0.4635,2583.2,273.06,17.154,-0.74259,0.80906
37,45,45,0.65613,2558.9,0.42898,139.3,-0.93246,0.71093
38,45,45,0.92882,2535,-285.14,215.34,-0.76781,0.40966
39,45,45,1.3148,2507.8,-410.09,273.04,-0.81111,0.30243
40,45,45,1.8613,2468.1,-567.44,344.53,-1.1745,0.30447
41,45,45,2.6349,2409.8,-717.18,394.73,-1.5693,0.28058
42,45,45,3.73,2327.9,-841.92,418.54,-2.3929,0.29195
43,45,45,5.2802,2220.8,-894.43,435.8,-3.6201,0.29765
44,45,45,7.4747,2124.7,-820.41,379.49,-4.6306,0.25731
45,45,45,10.581,2087,-641.47,260.19,-4.8093,0.18543
46,45,45,14.979,2087.5,-493.93,159.36,-4.4813,0.12209
47,45,45,21.204,2065.5,-390.89,84.813,-4.3007,0.081894
48,45,45,30.017,2014.4,-355.81,31.152,-3.456,0.04534
49,45,45,42.492,2045.4,-344.82,6.9261,-3.1871,0.029991
50,45,45,60.152,2198.1,-341.78,1.6916,-1.9828,0.014164
51,45,45,85.152,2416.7,-344.51,2.1935,-1.7637,0.0097853
52,45,45,120.54,2666.5,-346.05,1.3979,-1.2195,0.0052737
53,45,45,170.64,2943.6,-344.75,0.98144,0.88621,-0.0029885
 
1,90,0,2.4156e-06,2337.8,9473.6,-12.707,-6.7738e-05,12.815
2,90,0,3.4196e-06,2349.3,9519,-11.304,-0.0001594,21.409
3,90,0,4.8408e-06,2355,9531.9,-11.673,-0.00028363,26.975
4,90,0,6.8526e-06,2366.8,9534.5,-8.9243,-0.00045186,30.509
5,90,0,9.7006e-06,2380.3,9533.7,-9.7917,-0.00067916,32.578
6,90,0,1.3732e-05,2394.4,9532,-9.8912,-0.00098573,33.599
7,90,0,1.944e-05,2411.6,9536,-10.759,-0.0013975,33.893
8,90,0,2.7519e-05,2433.7,9541.8,-11.264,-0.0019487,33.69
9,90,0,3.8956e-05,2454.8,9553.6,-11.853,-0.0026824,33.044
10,90,0,5.5146e-05,2478.5,9570.5,-12.177,-0.0036534,32.099
11,90,0,7.8066e-05,2501.9,9591.3,-12.178,-0.0049299,30.887
12,90,0,0.00011051,2523,9615.9,-12.231,-0.0065967,29.442
13,90,0,0.00015644,2546.3,9644.7,-12.064,-0.008757,27.863
14,90,0,0.00022146,2575.9,9676.5,-11.517,-0.011532,26.222
15,90,0,0.0003135,2602.7,9710.9,-10.935,-0.015065,24.451
16,90,0,0.00044379,2624.1,9749.7,-9.922,-0.019498,22.538
17,90,0,0.00062823,2637.7,9790.3,-9.5684,-0.024995,20.515
18,90,0,0.00088933,2641.7,9828.5,-9.1089,-0.03165,18.379
19,90,0,0.0012589,2634.1,9862.5,-8.6289,-0.039501,16.157
20,90,0,0.0017822,2567.1,9879.7,-7.8736,-0.04846,13.646
21,90,0,0.0025229,2315.9,9864.5,-7.2731,-0.058651,10.525
22,90,0,0.0035714,2129.8,9810.1,-7.1355,-0.070577,8.228
23,90,0,0.0050557,2051.6,9724.9,-6.419,-0.085119,6.7525
24,90,0,0.0071569,2003.3,9624.8,-6.5766,-0.10344,5.6605
25,90,0,0.010131,1982.8,9522.5,-5.969,-0.1274,4.8742
26,90,0,0.014342,1975.2,9429.6,-6.0725,-0.15825,4.2607
27,90,0,0.020303,1975.2,9350.4,-6.6574,-0.1966,3.739
28,90,0,0.028741,1980.3,9277.7,-6.4501,-0.24403,3.2869
29,90,0,0.040686,1989.8,9211.3,-7.2875,-0.30174,2.8848
30,90,0,0.057595,2007,9156,-7.8912,-0.37045,2.5236
31,90,0,0.081532,2034.2,9110.7,-6.6152,-0.4501,2.1953
32,90,0,0.11542,2070.1,9066.2,-6.2981,-0.5337,1.8712
33,90,0,0.16339,2114.4,9003.7,-7.428,-0.61554,1.5572
34,90,0,0.23129,2167.3,8916.2,-8.458,-0.6902,1.2643
35,90,0,0.32742,2228.2,8804.1,-12.524,-0.75433,1.0036
36,90,0,0.4635,2297.8,8659.5,-15.703,-0.78775,0.76344
37,90,0,0.65613,2377,8493.3,-19.595,-0.74779,0.5296
38,90,0,0.92882,2464.4,8316.7,-22.242,-0.54666,0.28355
39,90,0,1.3148,2552.2,8124,-22.412,-0.022124,0.0083953
40,90,0,1.8613,2623.2,7898.2,-18.635,1.0059,-0.27713
41,90,0,2.6349,2645.3,7645.2,-10.438,2.6714,-0.5243
42,90,0,3.73,2599.7,7362.7,-3.9715,4.6407,-0.63229
43,90,0,5.2802,2530.9,6975.7,2.2293,6.6879,-0.62666
44,90,0,7.4747,2519.7,6379.7,7.6098,7.606,-0.50123
45,90,0,10.581,2581.5,5589.2,8.3842,5.3231,-0.25388
46,90,0,14.979,2666.8,4751.4,0.29578,1.1159,-0.038838
47,90,0,21.204,2741.9,3967.6,-8.8144,1.2225,-0.030903
48,90,0,30.017,2800.3,3221.1,-9.8296,7.6031,-0.13866
49,90,0,42.492,2868.2,2589.6,-1.1518,25.202,-0.33254
50,90,0,60.152,2894.9,1800.9,22.105,-2.9382,0.027643
51,90,0,85.152,2806.2,752,16.735,1.2878,-0.0082964
52,90,0,120.54,2791.9,-177.99,-5.4271,4.5072,-0.020408
53,90,0,170.64,2966.2,-678.6,4.7948,0.19359,-0.00065784
 
1,90,45,2.4156e-06,2262.6,8053,-7949.7,-7.3506e-05,13.46
2,90,45,3.4196e-06,2272.7,7878.6,-7915.3,-0.00017456,22.68
3,90,45,4.8408e-06,2276.2,7689.5,-7846.1,-0.00031519,28.972
4,90,45,6.8526e-06,2287.2,7574.9,-7771.1,-0.00050495,32.947
5,90,45,9.7006e-06,2297.2,7444.5,-7683.5,-0.00076272,35.31
6,90,45,1.3732e-05,2308.6,7335,-7604.6,-0.0011102,36.486
7,90,45,1.944e-05,2322.2,7231.3,-7514.1,-0.0015765,36.816
8,90,45,2.7519e-05,2339.6,7139.2,-7430.1,-0.0021997,36.559
9,90,45,3.8956e-05,2354.6,7050.8,-7341.7,-0.003026,35.755
10,90,45,5.5146e-05,2371.7,6967.7,-7258.2,-0.0041096,34.551
11,90,45,7.8066e-05,2394.6,6883.5,-7175.5,-0.0055138,33.063
12,90,45,0.00011051,2411.5,6794.8,-7100.4,-0.0072991,31.136
13,90,45,0.00015644,2426.1,6699.3,-7027,-0.0095267,28.882
14,90,45,0.00022146,2445.4,6591.4,-6961.2,-0.012255,26.455
15,90,45,0.0003135,2461.2,6470.9,-6888.7,-0.015542,23.853
16,90,45,0.00044379,2468.1,6344.4,-6799.4,-0.019402,21.094
17,90,45,0.00062823,2472.1,6215.5,-6677.1,-0.023702,18.233
18,90,45,0.00088933,2457,6071.2,-6523.8,-0.027987,15.115
19,90,45,0.0012589,2333.9,5880.6,-6343.4,-0.031402,11.38
20,90,45,0.0017822,2060.7,5613.4,-6147.6,-0.033039,7.4681
21,90,45,0.0025229,1904.7,5268,-5943,-0.031956,4.7164
22,90,45,0.0035714,1818.5,4846.9,-5738.4,-0.026063,2.5943
23,90,45,0.0050557,1756.8,4362.2,-5547.2,-0.010507,0.71371
24,90,45,0.0071569,1712.8,3817.9,-5376.6,0.025891,-1.2113
25,90,45,0.010131,1674.8,3254.3,-5226.8,0.095214,-3.0769
26,90,45,0.014342,1643,2700.7,-5094.1,0.2197,-4.9202
27,90,45,0.020303,1622.2,2195.6,-4985.6,0.4169,-6.5118
28,90,45,0.028741,1604.9,1674.4,-4874.9,0.7015,-7.6575
29,90,45,0.040686,1589.9,1194.9,-4715.3,1.1042,-8.4352
30,90,45,0.057595,1575,665.7,-4607,1.6732,-8.9451
31,90,45,0.081532,1562.4,108.92,-4371.3,2.4113,-9.0331
32,90,45,0.11542,1551.8,-410.05,-4090.9,3.4269,-9.0068
33,90,45,0.16339,1540.3,-946.49,-3679.1,4.5809,-8.4422
34,90,45,0.23129,1525.9,-1365.8,-3000.1,5.2659,-6.7917
35,90,45,0.32742,1514.2,-1299.5,-2173.1,5.0742,-4.5875
36,90,45,0.4635,1510.2,-899.45,-1445,3.9755,-2.5322
37,90,45,0.65613,1526.2,-453.33,-1069.1,3.5436,-1.6114
38,90,45,0.92882,1558,-321.22,-908.23,3.7914,-1.2432
39,90,45,1.3148,1606.7,-286,-749.83,4.9365,-1.1792
40,90,45,1.8613,1671.8,-312.59,-599.5,6.3147,-1.1088
41,90,45,2.6349,1757.3,-319.79,-506.51,7.262,-0.94681
42,90,45,3.73,1855.9,-335.59,-422.07,6.9968,-0.68057
43,90,45,5.2802,1964.1,-349.03,-310.33,6.0394,-0.43915
44,90,45,7.4747,2069.9,-336.24,-219.48,3.9779,-0.21535
45,90,45,10.581,2151.7,-316.04,-127.99,2.1375,-0.084972
46,90,45,14.979,2184.8,-303.34,-81.37,1.0048,-0.028651
47,90,45,21.204,2143.7,-303.81,-42.973,-0.26113,0.0051608
48,90,45,30.017,2043.6,-321.04,-13.739,-0.68353,0.0090974
49,90,45,42.492,2047.3,-332.54,4.2234,-0.76394,0.0071954
50,90,45,60.152,2199.1,-335.47,8.454,-0.25659,0.0018338
51,90,45,85.152,2418.7,-338.47,8.9787,0.63557,-0.0035291
52,90,45,120.54,2667.8,-340.8,8.3144,0.38245,-0.0016547
53,90,45,170.64,2944.3,-341.15,7.8748,1.1449,-0.0038618
 
1,135,0,2.4156e-06,869.75,10169,-539.58,4.3896e-06,-0.30897
2,135,0,3.4196e-06,890.38,9880.1,-568.65,8.0329e-06,-0.40888
3,135,0,4.8408e-06,897.56,9715.4,-488.42,2.07e-05,-0.75033
4,135,0,6.8526e-06,904.75,9700,-549.71,3.9778e-05,-1.0267
5,135,0,9.7006e-06,911.49,9612.6,-416.2,6.1797e-05,-1.1351
6,135,0,1.3732e-05,918.09,9632.4,-481.01,9.46e-05,-1.2364
7,135,0,1.944e-05,925.46,9597.5,-403.46,0.00013169,-1.2256
8,135,0,2.7519e-05,934.35,9570.3,-413.33,0.00019442,-1.2904
9,135,0,3.8956e-05,945.56,9619.5,-349.13,0.00026679,-1.2659
10,135,0,5.5146e-05,959.29,9565.3,-416.91,0.00035818,-1.218
11,135,0,7.8066e-05,976,9519.1,-302.65,0.00046406,-1.1342
12,135,0,0.00011051,996.81,9459.9,-367.34,0.0005755,-1.0148
13,135,0,0.00015644,1020.6,9387.6,-196.42,0.00063824,-0.81399
14,135,0,0.00022146,1047.5,9350.5,-338.47,0.00056894,-0.52607
15,135,0,0.0003135,1074.4,9200.7,-170.79,0.00028471,-0.19076
16,135,0,0.00044379,1101.5,9138.8,-280.48,-0.00071152,0.34524
17,135,0,0.00062823,1127.3,8975.4,-130.28,-0.0021217,0.74424
18,135,0,0.00088933,1152.7,8752.5,-242.48,-0.0045786,1.1601
19,135,0,0.0012589,1178.2,8572.1,2.1836,-0.0083658,1.5305
20,135,0,0.0017822,1202.8,8387.6,-215.93,-0.015278,2.0157
21,135,0,0.0025229,1227.8,8208.6,-57.157,-0.023662,2.2511
22,135,0,0.0035714,1253.8,8044.1,-174.35,-0.035214,2.4167
23,135,0,0.0050557,1280.2,8024.5,-79.048,-0.04868,2.4098
24,135,0,0.0071569,1308.2,7882.9,-71.816,-0.058378,2.086
25,135,0,0.010131,1338.5,7876.4,-58.165,-0.05857,1.5127
26,135,0,0.014342,1370.5,7778.1,-52.851,-0.046432,0.86735
27,135,0,0.020303,1409.7,7910.9,-70.5,-0.021244,0.28836
28,135,0,0.028741,1455.3,8050.1,-49.734,0.015098,-0.14945
29,135,0,0.040686,1508.1,8393.8,-34.004,0.076682,-0.55564
30,135,0,0.057595,1564.2,8721.7,-18.331,0.1685,-0.89461
31,135,0,0.081532,1620.8,9016.5,-2.644,0.30314,-1.1781
32,135,0,0.11542,1679.6,9196.2,19.334,0.47344,-1.3468
33,135,0,0.16339,1743.1,9270.6,33.143,0.6622,-1.3811
34,135,0,0.23129,1811.9,9240.7,42.818,0.81545,-1.2488
35,135,0,0.32742,1887,9152.5,45.357,0.80842,-0.9108
36,135,0,0.4635,1969.2,9009.6,43.133,0.44403,-0.36879
37,135,0,0.65613,2060.1,8806.7,38.962,-0.5355,0.32868
38,135,0,0.92882,2163.8,8560.9,32.946,-2.4056,1.0956
39,135,0,1.3148,2283.2,8290.1,27.167,-5.3961,1.8318
40,135,0,1.8613,2413.1,7996.9,23.59,-9.6718,2.4513
41,135,0,2.6349,2530,7697.7,24.585,-15.097,2.8339
42,135,0,3.73,2592.5,7415.3,25.673,-20.955,2.8473
43,135,0,5.2802,2584.6,7052.2,27.992,-25.989,2.4869
44,135,0,7.4747,2556.3,6464.8,30.66,-30.085,2.0114
45,135,0,10.581,2576.4,5627.6,29.553,-33.439,1.5916
46,135,0,14.979,2640.8,4710.2,22.546,-34.775,1.1985
47,135,0,21.204,2713.2,3892.2,17.095,-33.432,0.83626
48,135,0,30.017,2793.4,3226.3,20.641,-28.805,0.52404
49,135,0,42.492,2853.5,2594.7,34.222,-27.784,0.36474
50,135,0,60.152,2829.9,1717.6,37.073,-7.9698,0.073298
51,135,0,85.152,2754.4,374.22,-30.14,10.244,-0.064777
52,135,0,120.54,2771.7,-259.53,11.415,10.555,-0.047443
53,135,0,170.64,2961.2,-663.26,-3.091,0.22531,-0.00076436
 
1,135,45,2.4156e-06,711.47,-5773.9,-13893,5.2516e-05,-3.0237
2,135,45,3.4196e-06,744.37,-6257.7,-13176,0.00012033,-5.1205
3,135,45,4.8408e-06,755.77,-6625,-12721,0.00021112,-6.4436
4,135,45,6.8526e-06,763.35,-6919,-12342,0.00033283,-7.248
5,135,45,9.7006e-06,770.22,-7131.5,-12048,0.00050045,-7.7677
6,135,45,1.3732e-05,775.68,-7357.4,-11719,0.0007293,-8.0531
7,135,45,1.944e-05,780.73,-7548.7,-11421,0.0010392,-8.1587
8,135,45,2.7519e-05,785.18,-7772.3,-11115,0.0014577,-8.1309
9,135,45,3.8956e-05,790.05,-7946.7,-10753,0.0020319,-8.0558
10,135,45,5.5146e-05,795.81,-8171.9,-10418,0.002821,-7.9582
11,135,45,7.8066e-05,803.88,-8354.4,-9977.1,0.0039728,-7.9974
12,135,45,0.00011051,814.36,-8605.7,-9623.1,0.0055822,-8.0416
13,135,45,0.00015644,827.98,-8765.7,-9016.9,0.0080314,-8.3098
14,135,45,0.00022146,843.86,-9052.2,-8520.3,0.011777,-8.7728
15,135,45,0.0003135,860.21,-9116,-7612,0.017249,-9.2526
16,135,45,0.00044379,875.31,-9236.4,-6912.5,0.025451,-9.8131
17,135,45,0.00062823,884.36,-8998.2,-5744.1,0.035666,-9.815
18,135,45,0.00088933,883.46,-8494.8,-4585.7,0.049023,-9.5202
19,135,45,0.0012589,868.64,-7659.2,-3332.2,0.062495,-8.4295
20,135,45,0.0017822,837.38,-6288.9,-2076.9,0.069659,-6.3984
21,135,45,0.0025229,795.07,-4702.1,-1024.7,0.063904,-3.937
22,135,45,0.0035714,749.71,-3066.2,-332.7,0.042077,-1.7267
23,135,45,0.0050557,709.95,-1673.5,-26.808,0.015686,-0.43061
24,135,45,0.0071569,681.14,-683.22,7.6171,-0.00057923,0.010777
25,135,45,0.010131,670.75,-246.63,-105.14,-0.0039498,0.05112
26,135,45,0.014342,677.52,-150.74,-224.22,0.0028545,-0.026361
27,135,45,0.020303,695.36,-174.65,-299.97,0.0214,-0.14328
28,135,45,0.028741,720.86,-255.2,-316.23,0.043407,-0.21283
29,135,45,0.040686,751.31,-257.46,-330.77,0.077062,-0.27819
30,135,45,0.057595,784.92,-300.85,-324.52,0.12364,-0.32939
31,135,45,0.081532,823.43,-247.45,-266.45,0.13075,-0.25815
32,135,45,0.11542,867.47,-200.36,-292.19,0.14988,-0.22022
33,135,45,0.16339,917.62,-207.62,-278.9,0.17884,-0.19635
34,135,45,0.23129,973.92,-207.44,-280.62,0.22905,-0.18855
35,135,45,0.32742,1037.1,-217.11,-289.1,0.29736,-0.18414
36,135,45,0.4635,1106.1,-244.3,-283.11,0.40181,-0.18746
37,135,45,0.65613,1180.5,-231.12,-283.03,0.56268,-0.1979
38,135,45,0.92882,1258.8,-231.58,-276.76,0.63587,-0.16847
39,135,45,1.3148,1340.5,-228.77,-291.17,0.95671,-0.19068
40,135,45,1.8613,1428.3,-230.65,-295.73,1.2942,-0.19414
41,135,45,2.6349,1523,-231.54,-288.36,1.9274,-0.21779
42,135,45,3.73,1624.6,-216.21,-267.99,2.5395,-0.21622
43,135,45,5.2802,1735.3,-205.79,-246.44,2.8763,-0.1848
44,135,45,7.4747,1847.5,-202.07,-208.74,2.9321,-0.14168
45,135,45,10.581,1937.5,-217.25,-158.24,3.3283,-0.11914
46,135,45,14.979,1980.9,-246.68,-103.8,3.1524,-0.081498
47,135,45,21.204,1969.8,-290.35,-49.219,2.4557,-0.044597
48,135,45,30.017,1951.3,-321.57,-12.267,2.0481,-0.026028
49,135,45,42.492,2020.8,-336.77,2.6969,2.065,-0.019198
50,135,45,60.152,2196.6,-340.78,6.5005,1.8575,-0.01326
51,135,45,85.152,2419,-344.09,7.3399,1.6044,-0.0089098
52,135,45,120.54,2668.6,-342.76,7.9926,1.1786,-0.0051007
53,135,45,170.64,2945,-341.7,8.4189,0.89058,-0.0030047
 
