  1.00 1235.58
  1.10 1248.40
  1.20 1257.96
  1.30 1264.66
  1.40 1268.87
  1.50 1270.95
  1.60 1271.25
  1.70 1270.10
  1.80 1267.81
  1.90 1264.71
  2.00 1261.07
  2.10 1257.19
  2.20 1253.31
  2.30 1249.71
  2.40 1246.60
  2.50 1244.23
  2.60 1242.79
  2.70 1242.48
  2.80 1243.50
  2.90 1246.00
  3.00 1250.15
  3.10 1256.09
  3.20 1263.94
  3.30 1273.81
  3.40 1285.82
  3.50 1300.05
  3.60 1316.57
  3.70 1335.45
  3.80 1356.72
  3.90 1380.43
  4.00 1406.58
  4.10 1435.20
  4.20 1466.26
  4.30 1499.75
  4.40 1535.62
  4.50 1573.85
  4.60 1614.35
  4.70 1657.05
  4.80 1701.87
  4.90 1748.69
  5.00 1797.41
  5.10 1847.88
  5.20 1899.98
  5.30 1953.52
  5.40 2008.36
  5.50 2064.29
  5.60 2121.12
  5.70 2178.63
  5.80 2236.60
  5.90 2294.80
  6.00 2352.95
  6.10 2410.80
  6.20 2468.07
  6.30 2524.45
  6.40 2579.65
  6.50 2633.33
  6.60 2685.16
  6.70 2734.80
  6.80 2781.87
  6.90 2826.00
  7.00 2866.80
  7.10 2903.87
  7.20 2936.78
  7.30 2965.11
  7.40 2988.40
  7.50 3006.20
  7.60 3018.04
  7.70 3023.43
  7.80 3021.87
  7.90 3012.85
  8.00 2995.83

