 #layer,P[bar],T[K],xna,xk,xsio,xo,xo2,xsi,xfe,sum
               1  0.10000000E-07   2946.2349      0.60182109      0.35355549E-01  0.96108650E-03  0.34449235      0.67863574E-06  0.57073742E-02  0.11662742E-01  0.98833813    
               2  0.12352314E-07   2957.4453      0.60183012      0.35356081E-01  0.97539551E-03  0.34448208      0.10149812E-05  0.56931643E-02  0.11662914E-01  0.98833786    
               3  0.15257966E-07   2975.7601      0.60179248      0.35353872E-01  0.91246708E-03  0.34452304      0.94483677E-06  0.57556745E-02  0.11662184E-01  0.98833848    
               4  0.18847118E-07   2993.5199      0.60176501      0.35352258E-01  0.86682369E-03  0.34455321      0.56660257E-06  0.58010130E-02  0.11661649E-01  0.98833887    
               5  0.23280551E-07   3014.7190      0.60180335      0.35354502E-01  0.93040600E-03  0.34451151      0.38641195E-06  0.57378554E-02  0.11662392E-01  0.98833801    
               6  0.28756867E-07   3036.0645      0.60187203      0.35358521E-01  0.10442504E-02  0.34443652      0.44128643E-06  0.56247726E-02  0.11663722E-01  0.98833653    
               7  0.35521385E-07   3056.1152      0.60193423      0.35362155E-01  0.11474166E-02  0.34436853      0.49135357E-06  0.55222972E-02  0.11664926E-01  0.98833512    
               8  0.43877129E-07   3073.9969      0.60199223      0.35365540E-01  0.12436886E-02  0.34430506      0.53820964E-06  0.54266700E-02  0.11666047E-01  0.98833373    
               9  0.54198406E-07   3090.2428      0.60204629      0.35368692E-01  0.13334898E-02  0.34424584      0.58208398E-06  0.53374707E-02  0.11667090E-01  0.98833237    
              10  0.66947572E-07   3105.0343      0.60209700      0.35371645E-01  0.14177865E-02  0.34419024      0.62341683E-06  0.52537394E-02  0.11668068E-01  0.98833103    
              11  0.82695741E-07   3118.5749      0.60214475      0.35374422E-01  0.14972223E-02  0.34413782      0.66250806E-06  0.51748367E-02  0.11668986E-01  0.98832972    
              12  0.10214837E-06   3130.9114      0.60219705      0.35377465E-01  0.15841487E-02  0.34408050      0.75090218E-06  0.50884931E-02  0.11669996E-01  0.98832841    
              13  0.12617688E-06   3149.5465      0.60228576      0.35382632E-01  0.17306311E-02  0.34398410      0.12541818E-05  0.49429879E-02  0.11671743E-01  0.98832736    
              14  0.15585764E-06   3170.4758      0.60235405      0.35386603E-01  0.18432873E-02  0.34390993      0.16936361E-05  0.48310839E-02  0.11673095E-01  0.98832665    
              15  0.19252024E-06   3186.7754      0.60242433      0.35390699E-01  0.19592781E-02  0.34383362      0.21020938E-05  0.47158676E-02  0.11674482E-01  0.98832590    
              16  0.23780705E-06   3202.1148      0.60248702      0.35394353E-01  0.20627042E-02  0.34376558      0.24714968E-05  0.46131325E-02  0.11675720E-01  0.98832526    
              17  0.29374672E-06   3215.3649      0.60254795      0.35397908E-01  0.21632407E-02  0.34369946      0.28160961E-05  0.45132678E-02  0.11676923E-01  0.98832465    
              18  0.36284517E-06   3227.2321      0.60260604      0.35401301E-01  0.22590866E-02  0.34363645      0.31374409E-05  0.44180626E-02  0.11678070E-01  0.98832407    
              19  0.44819774E-06   3237.6671      0.60266298      0.35404629E-01  0.23530442E-02  0.34357469      0.34420106E-05  0.43247330E-02  0.11679193E-01  0.98832351    
              20  0.55362791E-06   3246.8105      0.60271952      0.35407936E-01  0.24463532E-02  0.34351337      0.37340471E-05  0.42320478E-02  0.11680308E-01  0.98832296    
              21  0.68385856E-06   3254.6791      0.60277692      0.35411295E-01  0.25410932E-02  0.34345112      0.40188105E-05  0.41379412E-02  0.11681438E-01  0.98832238    
              22  0.84472355E-06   3261.2741      0.60283650      0.35414785E-01  0.26394604E-02  0.34338650      0.43017165E-05  0.40402315E-02  0.11682610E-01  0.98832177    
              23  0.10434290E-05   3266.5823      0.60289672      0.35418310E-01  0.27383176E-02  0.34332029      0.52593736E-05  0.39420394E-02  0.11683786E-01  0.98832093    
              24  0.12888763E-05   3271.0017      0.60294964      0.35421392E-01  0.28228890E-02  0.34325857      0.88143802E-05  0.38580548E-02  0.11684789E-01  0.98831937    
              25  0.15920604E-05   3274.2160      0.60301056      0.35424944E-01  0.29207958E-02  0.34318825      0.12302577E-04  0.37608229E-02  0.11685946E-01  0.98831767    
              26  0.19665630E-05   3275.4965      0.60308367      0.35429213E-01  0.30389287E-02  0.34310464      0.15820738E-04  0.36434996E-02  0.11687340E-01  0.98831578    
              27  0.24291603E-05   3274.0249      0.60317355      0.35434465E-01  0.31847153E-02  0.34300265      0.19513775E-04  0.34987073E-02  0.11689059E-01  0.98831360    
              28  0.30005750E-05   3268.8289      0.60328545      0.35441010E-01  0.33666983E-02  0.34287634      0.23586935E-04  0.33179611E-02  0.11691203E-01  0.98831105    
              29  0.37064044E-05   3258.9493      0.60342433      0.35449135E-01  0.35928225E-02  0.34272007      0.28299153E-04  0.30933707E-02  0.11693867E-01  0.98830803    
              30  0.45782670E-05   3242.9109      0.60359789      0.35459292E-01  0.38755075E-02  0.34252508      0.34025187E-04  0.28126011E-02  0.11697201E-01  0.98830440    
              31  0.56552191E-05   3219.7445      0.60381054      0.35471737E-01  0.42216757E-02  0.34228618      0.41155861E-04  0.24687780E-02  0.11701288E-01  0.98830007    
              32  0.69855041E-05   3188.1892      0.60406811      0.35486810E-01  0.46405020E-02  0.34199653      0.50179914E-04  0.20527904E-02  0.11706240E-01  0.98829493    
              33  0.86287138E-05   3147.7918      0.60437154      0.35504565E-01  0.51331122E-02  0.34165466      0.61526916E-04  0.15635225E-02  0.11712073E-01  0.98828893    
              34  0.10658458E-04   3100.4906      0.60471144      0.35524426E-01  0.56675102E-02  0.34125435      0.91526253E-04  0.10328482E-02  0.11718458E-01  0.98828210    
              35  0.13165662E-04   3049.5135      0.60505867      0.35544646E-01  0.61655819E-02  0.34079767      0.16962713E-03  0.53852638E-03  0.11724556E-01  0.98827472    
              36  0.16262638E-04   3001.3713      0.60536357      0.35562360E-01  0.65802182E-02  0.34037397      0.26063725E-03  0.12715803E-03  0.11729718E-01  0.98826791    
              37  0.20088121E-04   2956.0853      0.60620650      0.35611402E-01  0.66198493E-02  0.33809814      0.16149864E-02  0.95586801E-04  0.11738852E-01  0.98824646    
              38  0.24813478E-04   2918.1776      0.60721811      0.35670219E-01  0.66473121E-02  0.33534810      0.32596973E-02  0.77742323E-04  0.11749620E-01  0.98822118    
              39  0.30650386E-04   2890.0716      0.60824901      0.35730118E-01  0.66715486E-02  0.33254269      0.49390057E-02  0.63278745E-04  0.11760482E-01  0.98819565    
              40  0.37860319E-04   2865.8415      0.60936477      0.35794933E-01  0.66947061E-02  0.32950379      0.67593376E-02  0.50681101E-04  0.11772184E-01  0.98816822    
              41  0.46766253E-04   2843.0359      0.61060286      0.35866850E-01  0.67176995E-02  0.32612943      0.87817395E-02  0.39393385E-04  0.11785144E-01  0.98813798    
              42  0.57767144E-04   2820.5737      0.61198649      0.35947221E-01  0.67409490E-02  0.32235633      0.11044159E-01  0.29216191E-04  0.11799615E-01  0.98810436    
              43  0.71355788E-04   2797.9330      0.61353223      0.36037011E-01  0.67646714E-02  0.31813921      0.13573771E-01  0.20090048E-04  0.11815775E-01  0.98806698    
              44  0.88140909E-04   2774.7115      0.61525884      0.36137312E-01  0.67890491E-02  0.31342678      0.16401388E-01  0.12010094E-04  0.11833825E-01  0.98802538    
              45  0.10887442E-03   2750.1213      0.61777350      0.36282525E-01  0.68158049E-02  0.30656238      0.20516544E-01  0.71468325E-05  0.11850776E-01  0.98795791    
              46  0.13448509E-03   2722.9947      0.62157994      0.36501298E-01  0.68477866E-02  0.29617396      0.26738426E-01  0.58331675E-05  0.11864142E-01  0.98784725    
              47  0.16612021E-03   2692.5323      0.62600790      0.36755870E-01  0.68844572E-02  0.28409117      0.33974982E-01  0.45719099E-05  0.11878734E-01  0.98771895    
              48  0.20519689E-03   2657.8291      0.63119697      0.37054287E-01  0.69268934E-02  0.26993335      0.42454229E-01  0.33680709E-05  0.11894903E-01  0.98756910    
              49  0.25346564E-03   2617.0358      0.63738769      0.37410423E-01  0.69769930E-02  0.25304457      0.52569130E-01  0.22176715E-05  0.11913406E-01  0.98739101    
              50  0.31308871E-03   2566.5024      0.64503043      0.37850262E-01  0.70383380E-02  0.23219645      0.65055668E-01  0.11051424E-05  0.11935748E-01  0.98717225    
              51  0.38673700E-03   2498.5827      0.65513118      0.38431863E-01  0.71074331E-02  0.20467153      0.81531547E-01  0.14202361E-07  0.11950863E-01  0.98687357    
	  ground  0.38673700E-03   2065.9032