2012.37     17.   0.28  0.0 0.100E+06  0.00  Teff, grav(MKS), Y, f_sed, kz_min, [Fe/H]
  1   0.00031   2577.38 4.0771E+08  0.0000  0.0000 5.3397E-09
  2   0.00040   2414.48 4.6819E+08  0.0768 -0.2577 5.9084E-09
  3   0.00051   2306.56 5.1840E+08  0.0914 -0.1805 7.3872E-09
  4   0.00066   2201.03 5.6161E+08  0.1036 -0.1849 9.3696E-09
  5   0.00085   2103.49 5.9862E+08  0.1268 -0.1790 1.2273E-08
  6   0.00110   2019.29 6.2839E+08  0.1503 -0.1612 1.6349E-08
  7   0.00141   1952.66 6.4974E+08  0.1706 -0.1325 2.1901E-08
  8   0.00182   1906.55 6.6488E+08  0.1862 -0.0943 2.9100E-08
  9   0.00234   1874.97 6.7721E+08  0.1972 -0.0659 3.8333E-08
 10   0.00302   1852.86 6.8832E+08  0.2050 -0.0468 5.0188E-08
 11   0.00389   1838.13 6.9923E+08  0.2104 -0.0315 6.5296E-08
 12   0.00501   1828.92 7.1047E+08  0.2139 -0.0198 8.4661E-08
 13   0.00646   1824.06 7.2229E+08  0.2160 -0.0105 1.0947E-07
 14   0.00832   1822.88 7.3488E+08  0.2169 -0.0026 1.4123E-07
 15   0.01072   1824.61 7.4835E+08  0.2168  0.0037 1.8188E-07
 16   0.01380   1828.94 7.6278E+08  0.2190  0.0094 2.3379E-07
 17   0.01778   1835.73 7.7816E+08  0.2215  0.0146 3.0012E-07
 18   0.02291   1844.54 7.9437E+08  0.2232  0.0189 3.8486E-07
 19   0.02951   1854.63 8.1100E+08  0.2246  0.0215 4.9324E-07
 20   0.03802   1865.50 8.2729E+08  0.2257  0.0231 6.3119E-07
 21   0.04898   1877.39 8.4245E+08  0.2268  0.0251 8.0747E-07
 22   0.06310   1890.81 8.5595E+08  0.2277  0.0281 1.0325E-06
 23   0.08128   1906.34 8.6761E+08  0.2284  0.0323 1.3192E-06
 24   0.10471   1924.62 8.7791E+08  0.2289  0.0377 1.6835E-06
 25   0.13490   1946.07 8.8720E+08  0.2290  0.0438 2.1446E-06
 26   0.17378   1970.97 8.9533E+08  0.2291  0.0502 2.7301E-06
 27   0.22387   1999.95 9.0229E+08  0.2288  0.0576 3.4738E-06
 28   0.28840   2033.63 9.0845E+08  0.2264  0.0659 4.3962E-06
 29   0.37154   2071.64 9.1419E+08  0.2227  0.0731 5.5507E-06
 30   0.47863   2111.94 9.1950E+08  0.2193  0.0761 7.0064E-06
 31   0.61660   2149.95 9.2398E+08  0.2165  0.0704 8.8629E-06
 32   0.79433   2180.03 9.2711E+08  0.2151  0.0549 1.1263E-05
 33   1.02329   2198.74 9.2880E+08  0.2156  0.0337 1.4393E-05
 34   1.31826   2207.29 9.2944E+08  0.2175  0.0153 1.8465E-05
 35   1.69824   2209.96 9.2960E+08  0.2203  0.0048 2.3754E-05
 36   2.18776   2210.63 9.2962E+08  0.2233  0.0012 3.0587E-05
 37   2.81838   2211.03 9.2962E+08  0.2262  0.0007 3.9394E-05
 38   3.63078   2211.55 9.2962E+08  0.2288  0.0009 5.0718E-05
 39   4.67735   2212.26 9.2962E+08  0.2312  0.0013 6.5286E-05
 40   6.02560   2213.23 9.2962E+08  0.2333  0.0017 8.4036E-05
 41   7.76247   2214.56 9.2962E+08  0.2352  0.0024 1.0816E-04
 42  10.00000   2216.36 9.2962E+08  0.2369  0.0032 1.3920E-04
 43  12.88250   2218.84 9.2962E+08  0.2384  0.0044 1.7893E-04
 44  16.59587   2222.24 9.2962E+08  0.2397  0.0061 2.2997E-04
 45  21.37962   2226.93 9.2962E+08  0.2408  0.0083 2.9548E-04
 46  27.54229   2233.41 9.2962E+08  0.2417  0.0115 3.7943E-04
 47  35.48134   2242.42 9.2962E+08  0.2424  0.0159 4.8671E-04
 48  45.70882   2255.23 9.2962E+08  0.2426  0.0225 6.2339E-04
 49  58.88437   2273.47 9.2962E+08  0.2425  0.0318 7.9682E-04
 50  75.85776   2299.44 9.2962E+08  0.2421  0.0448 1.0155E-03
 51  97.72372   2337.07 9.2962E+08  0.2411  0.0641 1.2872E-03
 52 125.89254   2393.96 9.2962E+08  0.2396  0.0949 1.6182E-03
 53 162.18101   2481.68 9.2962E+08  0.2371  0.1421 2.0128E-03
 54 208.92961   2616.48 9.2962E+08  0.2327  0.2088 2.4677E-03
 55 269.15348   2773.53 9.2962E+08  0.2258  0.2301 2.9972E-03
 56 346.73685   2935.07 9.2963E+08  0.2190  0.2235 3.6578E-03
 57 446.68359   3100.41 9.2963E+08  0.2116  0.2164 4.4613E-03
 58 575.43994   3269.49 9.2963E+08  0.2052  0.2097 5.4466E-03
 59 741.31024   3442.41 9.2963E+08  0.1990  0.2035 6.6807E-03
 60 955.00000   3619.20 9.2963E+08  0.1936  0.1977 8.2066E-03
 61 990.00000   3644.26 9.2963E+08  0.1911  0.1917 8.4540E-03
