1757.66     17.   0.28  0.0 0.100E+06  0.00  Teff, grav(MKS), Y, f_sed, kz_min, [Fe/H]
  1   0.00031   1392.31 8.2278E+06  0.0000  0.0000 6.3005E-09
  2   0.00040   1344.21 9.0304E+06  0.2758 -0.1388 8.3990E-09
  3   0.00051   1338.72 9.8186E+06  0.2769 -0.0162 1.0864E-08
  4   0.00066   1334.53 1.0658E+07  0.2771 -0.0124 1.4038E-08
  5   0.00085   1334.14 1.1576E+07  0.2772 -0.0011 1.8087E-08
  6   0.00110   1337.01 1.2613E+07  0.2772  0.0085 2.3252E-08
  7   0.00141   1342.86 1.3816E+07  0.2770  0.0172 2.9822E-08
  8   0.00182   1351.06 1.5232E+07  0.2767  0.0241 3.8185E-08
  9   0.00234   1361.39 1.6915E+07  0.2763  0.0301 4.8818E-08
 10   0.00302   1373.16 1.8932E+07  0.2758  0.0340 6.2353E-08
 11   0.00389   1385.44 2.1343E+07  0.2753  0.0352 7.9613E-08
 12   0.00501   1397.94 2.4184E+07  0.2748  0.0355 1.0164E-07
 13   0.00646   1411.03 2.7525E+07  0.2743  0.0368 1.2972E-07
 14   0.00832   1426.36 3.1556E+07  0.2735  0.0427 1.6532E-07
 15   0.01072   1444.30 3.6609E+07  0.2723  0.0493 2.1033E-07
 16   0.01380   1464.50 4.3021E+07  0.2711  0.0548 2.6723E-07
 17   0.01778   1486.95 5.1037E+07  0.2700  0.0601 3.3909E-07
 18   0.02291   1512.35 6.0878E+07  0.2689  0.0669 4.2955E-07
 19   0.02951   1541.73 7.2924E+07  0.2677  0.0760 5.4294E-07
 20   0.03802   1575.92 8.7740E+07  0.2664  0.0866 6.8447E-07
 21   0.04898   1615.81 1.0550E+08  0.2644  0.0987 8.6015E-07
 22   0.06310   1659.21 1.2625E+08  0.2609  0.1046 1.0789E-06
 23   0.08128   1705.41 1.5022E+08  0.2578  0.1084 1.3523E-06
 24   0.10471   1753.50 1.7768E+08  0.2550  0.1098 1.6947E-06
 25   0.13490   1802.56 2.0876E+08  0.2526  0.1090 2.1246E-06
 26   0.17378   1852.14 2.4325E+08  0.2469  0.1071 2.6624E-06
 27   0.22387   1901.34 2.8069E+08  0.2421  0.1035 3.3402E-06
 28   0.28840   1948.81 3.2030E+08  0.2386  0.0973 4.1981E-06
 29   0.37154   1992.62 3.6063E+08  0.2360  0.0878 5.2895E-06
 30   0.47863   2031.07 3.9943E+08  0.2331  0.0755 6.6792E-06
 31   0.61660   2063.41 4.3429E+08  0.2298  0.0624 8.4646E-06
 32   0.79433   2090.84 4.6367E+08  0.2279  0.0521 1.0759E-05
 33   1.02329   2115.71 4.8765E+08  0.2271  0.0467 1.3699E-05
 34   1.31826   2139.34 5.0688E+08  0.2268  0.0438 1.7451E-05
 35   1.69824   2161.15 5.2154E+08  0.2269  0.0400 2.2257E-05
 36   2.18776   2179.37 5.3158E+08  0.2275  0.0332 2.8438E-05
 37   2.81838   2192.37 5.3756E+08  0.2286  0.0235 3.6430E-05
 38   3.63078   2199.67 5.4037E+08  0.2301  0.0131 4.6784E-05
 39   4.67735   2202.07 5.4096E+08  0.2321  0.0043 6.0213E-05
 40   6.02560   2202.59 5.4101E+08  0.2341  0.0009 7.7567E-05
 41   7.76247   2202.81 5.4102E+08  0.2360  0.0004 9.9937E-05
 42  10.00000   2203.09 5.4102E+08  0.2377  0.0005 1.2876E-04
 43  12.88250   2203.51 5.4102E+08  0.2393  0.0008 1.6584E-04
 44  16.59587   2204.12 5.4102E+08  0.2406  0.0011 2.1359E-04
 45  21.37962   2205.01 5.4102E+08  0.2418  0.0016 2.7506E-04
 46  27.54229   2206.29 5.4102E+08  0.2429  0.0023 3.5417E-04
 47  35.48134   2208.16 5.4102E+08  0.2438  0.0033 4.5587E-04
 48  45.70882   2210.94 5.4102E+08  0.2446  0.0050 5.8653E-04
 49  58.88437   2215.08 5.4102E+08  0.2453  0.0074 7.5420E-04
 50  75.85776   2221.28 5.4102E+08  0.2458  0.0110 9.6897E-04
 51  97.72372   2230.55 5.4102E+08  0.2461  0.0165 1.2433E-03
 52 125.89254   2244.41 5.4102E+08  0.2463  0.0245 1.5915E-03
 53 162.18101   2264.97 5.4102E+08  0.2460  0.0360 2.0316E-03
 54 208.92961   2295.42 5.4102E+08  0.2453  0.0527 2.5832E-03
 55 269.15348   2340.48 5.4102E+08  0.2442  0.0768 3.2638E-03
 56 346.73685   2407.96 5.4102E+08  0.2424  0.1122 4.0874E-03
 57 446.68359   2510.66 5.4102E+08  0.2399  0.1649 5.0529E-03
 58 575.43994   2667.17 5.4102E+08  0.2351  0.2388 6.1299E-03
 59 741.31024   2829.06 5.4102E+08  0.2293  0.2327 7.4462E-03
 60 955.00000   2996.66 5.4103E+08  0.2231  0.2272 9.0689E-03
 61 990.00000   3020.50 5.4103E+08  0.2197  0.2202 9.3279E-03
